4.0 0
5.0 1
6.0 2
5.0 3
4.0 4
5.0 5
3.0 6
3.0 7
5.0 8
5.0 9
3.0 10
5.0 11
5.0 12
7.0 13
4.0 14
4.0 15
6.0 16
6.0 17
4.0 18
6.0 19
6.0 20
5.0 21
3.0 22
5.0 23
6.0 24
7.0 25
5.0 26
4.0 27
4.0 28
7.0 29
3.0 30
4.0 31
3.0 32
5.0 33
6.0 34
3.0 35
4.0 36
3.0 37
4.0 38
4.0 39
6.0 40
4.0 41
5.0 42
4.0 43
4.0 44
4.0 45
5.0 46
5.0 47
2.0 48
6.0 49
6.0 50
6.0 51
5.0 52
4.0 53
6.0 54
5.0 55
4.0 56
6.0 57
2.0 58
4.0 59
4.0 60
3.0 61
4.0 62
5.0 63
7.0 64
6.0 65
7.0 66
5.0 67
5.0 68
6.0 69
4.0 70
5.0 71
5.0 72
6.0 73
6.0 74
5.0 75
9.0 76
5.0 77
7.0 78
6.0 79
4.0 80
7.0 81
6.0 82
6.0 83
8.0 84
6.0 85
6.0 86
6.0 87
5.0 88
6.0 89
5.0 90
6.0 91
4.0 92
6.0 93
6.0 94
6.0 95
5.0 96
8.0 97
3.0 98
6.0 99
7.0 100
5.0 101
3.0 102
3.0 103
6.0 104
4.0 105
5.0 106
2.0 107
6.0 108
5.0 109
4.0 110
3.0 111
4.0 112
3.0 113
5.0 114
6.0 115
6.0 116
6.0 117
6.0 118
6.0 119
4.0 120
5.0 121
5.0 122
5.0 123
5.0 124
6.0 125
5.0 126
3.0 127
4.0 128
6.0 129
4.0 130
7.0 131
7.0 132
6.0 133
7.0 134
6.0 135
5.0 136
5.0 137
4.0 138
5.0 139
7.0 140
5.0 141
4.0 142
5.0 143
3.0 144
4.0 145
2.0 146
5.0 147
2.0 148
4.0 149
7.0 150
6.0 151
5.0 152
6.0 153
5.0 154
5.0 155
5.0 156
5.0 157
6.0 158
4.0 159
5.0 160
6.0 161
8.0 162
5.0 163
5.0 164
5.0 165
4.0 166
7.0 167
5.0 168
7.0 169
5.0 170
5.0 171
6.0 172
6.0 173
5.0 174
4.0 175
4.0 176
4.0 177
3.0 178
6.0 179
4.0 180
4.0 181
5.0 182
3.0 183
4.0 184
4.0 185
5.0 186
7.0 187
4.0 188
4.0 189
10.0 190
7.0 191
5.0 192
5.0 193
5.0 194
6.0 195
6.0 196
5.0 197
5.0 198
6.0 199
6.0 200
4.0 201
5.0 202
6.0 203
4.0 204
7.0 205
5.0 206
7.0 207
6.0 208
6.0 209
5.0 210
8.0 211
6.0 212
6.0 213
5.0 214
6.0 215
5.0 216
6.0 217
6.0 218
4.0 219
3.0 220
7.0 221
10.0 222
7.0 223
8.0 224
6.0 225
4.0 226
11.0 227
8.0 228
6.0 229
7.0 230
7.0 231
9.0 232
8.0 233
6.0 234
6.0 235
6.0 236
5.0 237
8.0 238
5.0 239
5.0 240
8.0 241
7.0 242
6.0 243
6.0 244
8.0 245
4.0 246
4.0 247
5.0 248
4.0 249
6.0 250
6.0 251
8.0 252
3.0 253
5.0 254
6.0 255
6.0 256
8.0 257
3.0 258
6.0 259
6.0 260
3.0 261
4.0 262
5.0 263
7.0 264
4.0 265
5.0 266
4.0 267
8.0 268
4.0 269
6.0 270
4.0 271
5.0 272
3.0 273
3.0 274
5.0 275
4.0 276
7.0 277
4.0 278
2.0 279
2.0 280
5.0 281
6.0 282
5.0 283
6.0 284
4.0 285
5.0 286
5.0 287
4.0 288
7.0 289
8.0 290
6.0 291
4.0 292
5.0 293
4.0 294
4.0 295
3.0 296
3.0 297
7.0 298
6.0 299
6.0 300
8.0 301
6.0 302
7.0 303
9.0 304
5.0 305
4.0 306
6.0 307
5.0 308
6.0 309
6.0 310
5.0 311
5.0 312
7.0 313
5.0 314
5.0 315
7.0 316
4.0 317
5.0 318
5.0 319
7.0 320
5.0 321
5.0 322
4.0 323
6.0 324
2.0 325
2.0 326
6.0 327
6.0 328
6.0 329
4.0 330
3.0 331
3.0 332
8.0 333
7.0 334
6.0 335
4.0 336
5.0 337
4.0 338
4.0 339
4.0 340
5.0 341
4.0 342
6.0 343
4.0 344
5.0 345
6.0 346
4.0 347
7.0 348
6.0 349
3.0 350
3.0 351
4.0 352
4.0 353
3.0 354
5.0 355
6.0 356
3.0 357
7.0 358
4.0 359
4.0 360
5.0 361
6.0 362
4.0 363
3.0 364
5.0 365
6.0 366
5.0 367
4.0 368
4.0 369
2.0 370
6.0 371
6.0 372
4.0 373
9.0 374
7.0 375
8.0 376
11.0 377
9.0 378
6.0 379
4.0 380
6.0 381
6.0 382
7.0 383
7.0 384
4.0 385
6.0 386
5.0 387
4.0 388
5.0 389
6.0 390
4.0 391
6.0 392
7.0 393
4.0 394
6.0 395
6.0 396
6.0 397
3.0 398
4.0 399
4.0 400
5.0 401
4.0 402
7.0 403
5.0 404
6.0 405
7.0 406
5.0 407
7.0 408
6.0 409
4.0 410
5.0 411
5.0 412
5.0 413
5.0 414
6.0 415
3.0 416
4.0 417
5.0 418
2.0 419
8.0 420
4.0 421
6.0 422
9.0 423
6.0 424
5.0 425
7.0 426
5.0 427
4.0 428
6.0 429
3.0 430
7.0 431
5.0 432
6.0 433
4.0 434
4.0 435
3.0 436
5.0 437
6.0 438
4.0 439
8.0 440
5.0 441
5.0 442
5.0 443
6.0 444
5.0 445
2.0 446
5.0 447
3.0 448
5.0 449
6.0 450
3.0 451
2.0 452
6.0 453
5.0 454
6.0 455
4.0 456
4.0 457
5.0 458
7.0 459
4.0 460
3.0 461
7.0 462
3.0 463
5.0 464
4.0 465
6.0 466
8.0 467
7.0 468
6.0 469
8.0 470
6.0 471
7.0 472
7.0 473
8.0 474
8.0 475
10.0 476
6.0 477
6.0 478
8.0 479
5.0 480
5.0 481
6.0 482
6.0 483
8.0 484
6.0 485
7.0 486
7.0 487
8.0 488
5.0 489
7.0 490
4.0 491
6.0 492
8.0 493
5.0 494
6.0 495
6.0 496
3.0 497
5.0 498
5.0 499
5.0 500
5.0 501
7.0 502
6.0 503
4.0 504
9.0 505
7.0 506
4.0 507
3.0 508
6.0 509
8.0 510
7.0 511
5.0 512
3.0 513
10.0 514
5.0 515
6.0 516
4.0 517
6.0 518
6.0 519
5.0 520
6.0 521
5.0 522
5.0 523
8.0 524
4.0 525
5.0 526
6.0 527
6.0 528
5.0 529
5.0 530
3.0 531
4.0 532
6.0 533
5.0 534
4.0 535
6.0 536
4.0 537
6.0 538
5.0 539
4.0 540
5.0 541
4.0 542
4.0 543
6.0 544
6.0 545
5.0 546
6.0 547
2.0 548
4.0 549
6.0 550
5.0 551
5.0 552
5.0 553
7.0 554
5.0 555
6.0 556
5.0 557
5.0 558
6.0 559
5.0 560
7.0 561
5.0 562
2.0 563
3.0 564
8.0 565
7.0 566
5.0 567
5.0 568
6.0 569
3.0 570
5.0 571
4.0 572
4.0 573
5.0 574
4.0 575
4.0 576
7.0 577
8.0 578
6.0 579
7.0 580
4.0 581
5.0 582
4.0 583
3.0 584
5.0 585
4.0 586
2.0 587
5.0 588
4.0 589
4.0 590
4.0 591
5.0 592
6.0 593
7.0 594
6.0 595
6.0 596
5.0 597
7.0 598
7.0 599
6.0 600
7.0 601
7.0 602
9.0 603
6.0 604
4.0 605
7.0 606
7.0 607
3.0 608
4.0 609
6.0 610
5.0 611
2.0 612
3.0 613
4.0 614
6.0 615
6.0 616
8.0 617
9.0 618
3.0 619
5.0 620
3.0 621
3.0 622
4.0 623
6.0 624
4.0 625
3.0 626
4.0 627
7.0 628
3.0 629
6.0 630
8.0 631
7.0 632
6.0 633
4.0 634
5.0 635
4.0 636
6.0 637
6.0 638
6.0 639
6.0 640
7.0 641
5.0 642
6.0 643
6.0 644
5.0 645
8.0 646
4.0 647
3.0 648
6.0 649
3.0 650
5.0 651
3.0 652
4.0 653
9.0 654
8.0 655
5.0 656
5.0 657
6.0 658
7.0 659
6.0 660
6.0 661
5.0 662
7.0 663
6.0 664
9.0 665
6.0 666
5.0 667
5.0 668
5.0 669
4.0 670
4.0 671
7.0 672
5.0 673
7.0 674
5.0 675
7.0 676
6.0 677
4.0 678
6.0 679
6.0 680
6.0 681
2.0 682
5.0 683
5.0 684
4.0 685
7.0 686
6.0 687
3.0 688
7.0 689
3.0 690
5.0 691
3.0 692
7.0 693
4.0 694
6.0 695
6.0 696
6.0 697
6.0 698
5.0 699
7.0 700
6.0 701
7.0 702
4.0 703
6.0 704
7.0 705
8.0 706
4.0 707
5.0 708
5.0 709
6.0 710
6.0 711
4.0 712
3.0 713
2.0 714
5.0 715
2.0 716
6.0 717
8.0 718
9.0 719
7.0 720
6.0 721
6.0 722
4.0 723
5.0 724
7.0 725
5.0 726
6.0 727
5.0 728
8.0 729
5.0 730
6.0 731
7.0 732
4.0 733
3.0 734
3.0 735
4.0 736
5.0 737
5.0 738
5.0 739
4.0 740
5.0 741
3.0 742
4.0 743
4.0 744
6.0 745
5.0 746
5.0 747
4.0 748
8.0 749
7.0 750
6.0 751
5.0 752
7.0 753
6.0 754
4.0 755
3.0 756
2.0 757
4.0 758
6.0 759
5.0 760
5.0 761
6.0 762
4.0 763
3.0 764
2.0 765
4.0 766
4.0 767
6.0 768
6.0 769
5.0 770
5.0 771
5.0 772
4.0 773
6.0 774
6.0 775
7.0 776
5.0 777
5.0 778
6.0 779
7.0 780
6.0 781
7.0 782
4.0 783
4.0 784
4.0 785
5.0 786
3.0 787
3.0 788
5.0 789
4.0 790
3.0 791
5.0 792
4.0 793
2.0 794
6.0 795
3.0 796
5.0 797
2.0 798
2.0 799
3.0 800
6.0 801
4.0 802
5.0 803
6.0 804
7.0 805
4.0 806
6.0 807
5.0 808
5.0 809
6.0 810
4.0 811
8.0 812
5.0 813
5.0 814
5.0 815
6.0 816
4.0 817
4.0 818
5.0 819
6.0 820
5.0 821
5.0 822
5.0 823
6.0 824
4.0 825
6.0 826
6.0 827
6.0 828
4.0 829
5.0 830
6.0 831
6.0 832
6.0 833
8.0 834
2.0 835
5.0 836
6.0 837
6.0 838
6.0 839
5.0 840
5.0 841
6.0 842
7.0 843
6.0 844
6.0 845
5.0 846
6.0 847
6.0 848
5.0 849
6.0 850
4.0 851
8.0 852
6.0 853
7.0 854
6.0 855
7.0 856
7.0 857
5.0 858
5.0 859
4.0 860
3.0 861
5.0 862
5.0 863
3.0 864
4.0 865
4.0 866
3.0 867
2.0 868
3.0 869
4.0 870
5.0 871
4.0 872
4.0 873
6.0 874
5.0 875
3.0 876
6.0 877
4.0 878
5.0 879
5.0 880
7.0 881
7.0 882
4.0 883
5.0 884
6.0 885
5.0 886
5.0 887
6.0 888
4.0 889
3.0 890
5.0 891
6.0 892
5.0 893
5.0 894
7.0 895
6.0 896
8.0 897
4.0 898
7.0 899
6.0 900
5.0 901
6.0 902
5.0 903
8.0 904
4.0 905
4.0 906
3.0 907
3.0 908
4.0 909
5.0 910
2.0 911
4.0 912
5.0 913
4.0 914
4.0 915
5.0 916
3.0 917
5.0 918
4.0 919
3.0 920
5.0 921
5.0 922
8.0 923
8.0 924
6.0 925
9.0 926
9.0 927
4.0 928
5.0 929
8.0 930
5.0 931
6.0 932
3.0 933
7.0 934
6.0 935
7.0 936
6.0 937
6.0 938
7.0 939
6.0 940
6.0 941
6.0 942
4.0 943
4.0 944
2.0 945
6.0 946
5.0 947
4.0 948
5.0 949
6.0 950
10.0 951
7.0 952
6.0 953
5.0 954
5.0 955
6.0 956
6.0 957
6.0 958
6.0 959
7.0 960
6.0 961
5.0 962
6.0 963
4.0 964
5.0 965
5.0 966
7.0 967
5.0 968
3.0 969
3.0 970
3.0 971
4.0 972
7.0 973
6.0 974
4.0 975
4.0 976
4.0 977
6.0 978
7.0 979
6.0 980
6.0 981
9.0 982
6.0 983
3.0 984
7.0 985
4.0 986
6.0 987
6.0 988
7.0 989
3.0 990
5.0 991
7.0 992
5.0 993
6.0 994
2.0 995
2.0 996
4.0 997
2.0 998
5.0 999
6.0 1000
6.0 1001
4.0 1002
7.0 1003
4.0 1004
6.0 1005
4.0 1006
5.0 1007
6.0 1008
5.0 1009
3.0 1010
6.0 1011
5.0 1012
3.0 1013
4.0 1014
7.0 1015
3.0 1016
5.0 1017
6.0 1018
5.0 1019
4.0 1020
5.0 1021
4.0 1022
4.0 1023
7.0 1024
4.0 1025
5.0 1026
7.0 1027
6.0 1028
5.0 1029
5.0 1030
5.0 1031
6.0 1032
5.0 1033
5.0 1034
5.0 1035
5.0 1036
7.0 1037
5.0 1038
10.0 1039
6.0 1040
10.0 1041
7.0 1042
5.0 1043
6.0 1044
4.0 1045
6.0 1046
7.0 1047
6.0 1048
6.0 1049
5.0 1050
6.0 1051
3.0 1052
4.0 1053
2.0 1054
5.0 1055
5.0 1056
2.0 1057
5.0 1058
4.0 1059
8.0 1060
5.0 1061
4.0 1062
9.0 1063
9.0 1064
8.0 1065
7.0 1066
8.0 1067
8.0 1068
7.0 1069
7.0 1070
7.0 1071
6.0 1072
8.0 1073
8.0 1074
7.0 1075
5.0 1076
5.0 1077
4.0 1078
3.0 1079
5.0 1080
6.0 1081
4.0 1082
6.0 1083
5.0 1084
8.0 1085
5.0 1086
4.0 1087
7.0 1088
5.0 1089
6.0 1090
4.0 1091
5.0 1092
6.0 1093
4.0 1094
6.0 1095
5.0 1096
4.0 1097
6.0 1098
6.0 1099
7.0 1100
3.0 1101
6.0 1102
4.0 1103
6.0 1104
7.0 1105
5.0 1106
6.0 1107
7.0 1108
6.0 1109
7.0 1110
4.0 1111
6.0 1112
7.0 1113
7.0 1114
6.0 1115
5.0 1116
6.0 1117
6.0 1118
5.0 1119
4.0 1120
5.0 1121
5.0 1122
5.0 1123
2.0 1124
5.0 1125
6.0 1126
6.0 1127
3.0 1128
5.0 1129
7.0 1130
7.0 1131
6.0 1132
5.0 1133
8.0 1134
6.0 1135
4.0 1136
4.0 1137
8.0 1138
5.0 1139
3.0 1140
4.0 1141
3.0 1142
4.0 1143
5.0 1144
4.0 1145
8.0 1146
4.0 1147
4.0 1148
5.0 1149
6.0 1150
6.0 1151
5.0 1152
4.0 1153
6.0 1154
5.0 1155
6.0 1156
5.0 1157
7.0 1158
4.0 1159
4.0 1160
5.0 1161
4.0 1162
6.0 1163
3.0 1164
4.0 1165
6.0 1166
6.0 1167
4.0 1168
2.0 1169
2.0 1170
6.0 1171
5.0 1172
7.0 1173
4.0 1174
6.0 1175
5.0 1176
5.0 1177
7.0 1178
3.0 1179
4.0 1180
5.0 1181
7.0 1182
6.0 1183
4.0 1184
7.0 1185
6.0 1186
8.0 1187
4.0 1188
5.0 1189
5.0 1190
6.0 1191
5.0 1192
5.0 1193
5.0 1194
4.0 1195
6.0 1196
5.0 1197
4.0 1198
3.0 1199
5.0 1200
3.0 1201
4.0 1202
5.0 1203
7.0 1204
4.0 1205
6.0 1206
5.0 1207
5.0 1208
7.0 1209
4.0 1210
6.0 1211
5.0 1212
4.0 1213
4.0 1214
4.0 1215
5.0 1216
4.0 1217
2.0 1218
6.0 1219
5.0 1220
6.0 1221
5.0 1222
6.0 1223
6.0 1224
5.0 1225
5.0 1226
6.0 1227
6.0 1228
5.0 1229
5.0 1230
8.0 1231
6.0 1232
4.0 1233
5.0 1234
4.0 1235
5.0 1236
4.0 1237
4.0 1238
4.0 1239
5.0 1240
4.0 1241
5.0 1242
6.0 1243
7.0 1244
6.0 1245
5.0 1246
5.0 1247
6.0 1248
6.0 1249
3.0 1250
5.0 1251
5.0 1252
5.0 1253
5.0 1254
4.0 1255
5.0 1256
5.0 1257
3.0 1258
6.0 1259
7.0 1260
4.0 1261
6.0 1262
4.0 1263
6.0 1264
7.0 1265
7.0 1266
7.0 1267
5.0 1268
4.0 1269
9.0 1270
4.0 1271
6.0 1272
6.0 1273
4.0 1274
5.0 1275
4.0 1276
5.0 1277
3.0 1278
3.0 1279
4.0 1280
7.0 1281
6.0 1282
7.0 1283
6.0 1284
4.0 1285
3.0 1286
5.0 1287
8.0 1288
4.0 1289
4.0 1290
6.0 1291
3.0 1292
4.0 1293
3.0 1294
4.0 1295
4.0 1296
4.0 1297
4.0 1298
4.0 1299
6.0 1300
6.0 1301
6.0 1302
6.0 1303
6.0 1304
7.0 1305
4.0 1306
3.0 1307
2.0 1308
4.0 1309
6.0 1310
6.0 1311
5.0 1312
4.0 1313
7.0 1314
4.0 1315
3.0 1316
7.0 1317
5.0 1318
3.0 1319
3.0 1320
6.0 1321
5.0 1322
7.0 1323
5.0 1324
6.0 1325
4.0 1326
3.0 1327
4.0 1328
4.0 1329
6.0 1330
6.0 1331
6.0 1332
5.0 1333
4.0 1334
5.0 1335
8.0 1336
5.0 1337
7.0 1338
6.0 1339
7.0 1340
4.0 1341
3.0 1342
5.0 1343
6.0 1344
4.0 1345
3.0 1346
5.0 1347
4.0 1348
3.0 1349
5.0 1350
4.0 1351
3.0 1352
3.0 1353
5.0 1354
4.0 1355
4.0 1356
7.0 1357
3.0 1358
4.0 1359
5.0 1360
5.0 1361
9.0 1362
7.0 1363
6.0 1364
6.0 1365
5.0 1366
8.0 1367
8.0 1368
5.0 1369
6.0 1370
8.0 1371
4.0 1372
4.0 1373
7.0 1374
6.0 1375
5.0 1376
6.0 1377
3.0 1378
5.0 1379
5.0 1380
5.0 1381
4.0 1382
7.0 1383
2.0 1384
2.0 1385
3.0 1386
4.0 1387
6.0 1388
5.0 1389
4.0 1390
4.0 1391
5.0 1392
3.0 1393
2.0 1394
4.0 1395
5.0 1396
7.0 1397
5.0 1398
6.0 1399
7.0 1400
6.0 1401
6.0 1402
5.0 1403
8.0 1404
8.0 1405
5.0 1406
8.0 1407
7.0 1408
6.0 1409
4.0 1410
4.0 1411
6.0 1412
5.0 1413
7.0 1414
6.0 1415
6.0 1416
5.0 1417
4.0 1418
4.0 1419
5.0 1420
6.0 1421
4.0 1422
6.0 1423
5.0 1424
5.0 1425
5.0 1426
5.0 1427
6.0 1428
6.0 1429
5.0 1430
5.0 1431
4.0 1432
2.0 1433
4.0 1434
4.0 1435
5.0 1436
5.0 1437
4.0 1438
4.0 1439
6.0 1440
4.0 1441
5.0 1442
5.0 1443
7.0 1444
3.0 1445
7.0 1446
6.0 1447
3.0 1448
2.0 1449
6.0 1450
7.0 1451
5.0 1452
5.0 1453
3.0 1454
5.0 1455
7.0 1456
8.0 1457
6.0 1458
6.0 1459
5.0 1460
4.0 1461
6.0 1462
5.0 1463
5.0 1464
5.0 1465
5.0 1466
5.0 1467
4.0 1468
6.0 1469
5.0 1470
7.0 1471
6.0 1472
5.0 1473
4.0 1474
7.0 1475
3.0 1476
7.0 1477
4.0 1478
5.0 1479
5.0 1480
3.0 1481
7.0 1482
3.0 1483
3.0 1484
4.0 1485
6.0 1486
4.0 1487
3.0 1488
3.0 1489
3.0 1490
6.0 1491
5.0 1492
7.0 1493
7.0 1494
6.0 1495
4.0 1496
4.0 1497
4.0 1498
8.0 1499
6.0 1500
6.0 1501
4.0 1502
4.0 1503
4.0 1504
4.0 1505
6.0 1506
6.0 1507
4.0 1508
4.0 1509
7.0 1510
5.0 1511
7.0 1512
2.0 1513
3.0 1514
7.0 1515
7.0 1516
3.0 1517
5.0 1518
6.0 1519
7.0 1520
6.0 1521
5.0 1522
7.0 1523
5.0 1524
5.0 1525
5.0 1526
4.0 1527
7.0 1528
9.0 1529
3.0 1530
4.0 1531
7.0 1532
6.0 1533
7.0 1534
6.0 1535
5.0 1536
5.0 1537
6.0 1538
6.0 1539
5.0 1540
7.0 1541
4.0 1542
5.0 1543
7.0 1544
3.0 1545
5.0 1546
5.0 1547
8.0 1548
5.0 1549
5.0 1550
4.0 1551
4.0 1552
4.0 1553
6.0 1554
4.0 1555
3.0 1556
2.0 1557
5.0 1558
5.0 1559
4.0 1560
5.0 1561
6.0 1562
3.0 1563
4.0 1564
6.0 1565
7.0 1566
4.0 1567
4.0 1568
5.0 1569
3.0 1570
3.0 1571
5.0 1572
7.0 1573
7.0 1574
6.0 1575
7.0 1576
5.0 1577
3.0 1578
6.0 1579
6.0 1580
4.0 1581
5.0 1582
2.0 1583
3.0 1584
4.0 1585
3.0 1586
3.0 1587
6.0 1588
7.0 1589
6.0 1590
4.0 1591
4.0 1592
4.0 1593
4.0 1594
4.0 1595
5.0 1596
4.0 1597
3.0 1598
4.0 1599
4.0 1600
5.0 1601
4.0 1602
3.0 1603
4.0 1604
3.0 1605
3.0 1606
7.0 1607
4.0 1608
3.0 1609
6.0 1610
6.0 1611
8.0 1612
7.0 1613
6.0 1614
5.0 1615
6.0 1616
7.0 1617
3.0 1618
4.0 1619
6.0 1620
5.0 1621
4.0 1622
4.0 1623
5.0 1624
4.0 1625
5.0 1626
4.0 1627
5.0 1628
4.0 1629
4.0 1630
3.0 1631
9.0 1632
8.0 1633
4.0 1634
6.0 1635
9.0 1636
4.0 1637
8.0 1638
6.0 1639
9.0 1640
6.0 1641
5.0 1642
7.0 1643
6.0 1644
6.0 1645
5.0 1646
4.0 1647
6.0 1648
7.0 1649
4.0 1650
5.0 1651
6.0 1652
5.0 1653
4.0 1654
3.0 1655
3.0 1656
4.0 1657
5.0 1658
4.0 1659
5.0 1660
4.0 1661
7.0 1662
5.0 1663
8.0 1664
5.0 1665
6.0 1666
6.0 1667
8.0 1668
11.0 1669
9.0 1670
8.0 1671
6.0 1672
7.0 1673
6.0 1674
6.0 1675
7.0 1676
6.0 1677
5.0 1678
5.0 1679
7.0 1680
5.0 1681
7.0 1682
5.0 1683
3.0 1684
6.0 1685
5.0 1686
6.0 1687
6.0 1688
5.0 1689
7.0 1690
6.0 1691
6.0 1692
4.0 1693
4.0 1694
5.0 1695
6.0 1696
4.0 1697
5.0 1698
4.0 1699
4.0 1700
5.0 1701
3.0 1702
5.0 1703
4.0 1704
4.0 1705
6.0 1706
5.0 1707
6.0 1708
4.0 1709
5.0 1710
7.0 1711
4.0 1712
5.0 1713
6.0 1714
3.0 1715
3.0 1716
5.0 1717
4.0 1718
7.0 1719
4.0 1720
3.0 1721
5.0 1722
5.0 1723
5.0 1724
5.0 1725
4.0 1726
7.0 1727
4.0 1728
3.0 1729
3.0 1730
8.0 1731
5.0 1732
5.0 1733
5.0 1734
7.0 1735
6.0 1736
9.0 1737
7.0 1738
4.0 1739
6.0 1740
6.0 1741
5.0 1742
8.0 1743
10.0 1744
7.0 1745
4.0 1746
6.0 1747
7.0 1748
4.0 1749
4.0 1750
2.0 1751
4.0 1752
3.0 1753
3.0 1754
3.0 1755
3.0 1756
2.0 1757
4.0 1758
6.0 1759
3.0 1760
3.0 1761
5.0 1762
5.0 1763
6.0 1764
8.0 1765
7.0 1766
4.0 1767
3.0 1768
6.0 1769
5.0 1770
4.0 1771
4.0 1772
5.0 1773
6.0 1774
6.0 1775
7.0 1776
7.0 1777
4.0 1778
6.0 1779
5.0 1780
5.0 1781
4.0 1782
5.0 1783
5.0 1784
5.0 1785
5.0 1786
5.0 1787
4.0 1788
7.0 1789
4.0 1790
4.0 1791
4.0 1792
3.0 1793
6.0 1794
7.0 1795
8.0 1796
4.0 1797
3.0 1798
9.0 1799
6.0 1800
7.0 1801
7.0 1802
8.0 1803
6.0 1804
4.0 1805
6.0 1806
4.0 1807
5.0 1808
3.0 1809
4.0 1810
7.0 1811
5.0 1812
6.0 1813
9.0 1814
4.0 1815
7.0 1816
3.0 1817
5.0 1818
7.0 1819
4.0 1820
4.0 1821
4.0 1822
5.0 1823
4.0 1824
6.0 1825
3.0 1826
5.0 1827
6.0 1828
6.0 1829
6.0 1830
5.0 1831
4.0 1832
6.0 1833
5.0 1834
5.0 1835
6.0 1836
7.0 1837
5.0 1838
5.0 1839
6.0 1840
6.0 1841
7.0 1842
8.0 1843
5.0 1844
6.0 1845
5.0 1846
6.0 1847
6.0 1848
4.0 1849
4.0 1850
5.0 1851
8.0 1852
7.0 1853
6.0 1854
5.0 1855
5.0 1856
8.0 1857
7.0 1858
6.0 1859
5.0 1860
4.0 1861
4.0 1862
5.0 1863
4.0 1864
6.0 1865
6.0 1866
4.0 1867
4.0 1868
8.0 1869
7.0 1870
6.0 1871
8.0 1872
6.0 1873
9.0 1874
7.0 1875
4.0 1876
5.0 1877
8.0 1878
7.0 1879
7.0 1880
7.0 1881
6.0 1882
5.0 1883
5.0 1884
4.0 1885
3.0 1886
3.0 1887
5.0 1888
4.0 1889
5.0 1890
5.0 1891
3.0 1892
4.0 1893
6.0 1894
5.0 1895
5.0 1896
7.0 1897
8.0 1898
8.0 1899
6.0 1900
7.0 1901
6.0 1902
5.0 1903
5.0 1904
6.0 1905
6.0 1906
4.0 1907
7.0 1908
7.0 1909
6.0 1910
8.0 1911
7.0 1912
7.0 1913
7.0 1914
4.0 1915
6.0 1916
7.0 1917
5.0 1918
7.0 1919
5.0 1920
6.0 1921
5.0 1922
6.0 1923
5.0 1924
5.0 1925
7.0 1926
5.0 1927
6.0 1928
5.0 1929
5.0 1930
4.0 1931
4.0 1932
5.0 1933
4.0 1934
4.0 1935
4.0 1936
4.0 1937
7.0 1938
7.0 1939
6.0 1940
5.0 1941
4.0 1942
4.0 1943
4.0 1944
6.0 1945
7.0 1946
7.0 1947
6.0 1948
5.0 1949
5.0 1950
6.0 1951
6.0 1952
5.0 1953
3.0 1954
6.0 1955
7.0 1956
7.0 1957
3.0 1958
5.0 1959
8.0 1960
4.0 1961
9.0 1962
5.0 1963
7.0 1964
5.0 1965
5.0 1966
5.0 1967
5.0 1968
4.0 1969
4.0 1970
6.0 1971
5.0 1972
6.0 1973
5.0 1974
6.0 1975
6.0 1976
5.0 1977
5.0 1978
5.0 1979
5.0 1980
6.0 1981
3.0 1982
6.0 1983
4.0 1984
6.0 1985
8.0 1986
6.0 1987
5.0 1988
5.0 1989
5.0 1990
4.0 1991
5.0 1992
6.0 1993
6.0 1994
4.0 1995
4.0 1996
4.0 1997
4.0 1998
4.0 1999
5.0 2000
4.0 2001
6.0 2002
5.0 2003
5.0 2004
5.0 2005
5.0 2006
4.0 2007
5.0 2008
6.0 2009
7.0 2010
7.0 2011
5.0 2012
6.0 2013
6.0 2014
4.0 2015
6.0 2016
6.0 2017
7.0 2018
5.0 2019
6.0 2020
4.0 2021
2.0 2022
3.0 2023
5.0 2024
2.0 2025
5.0 2026
4.0 2027
6.0 2028
4.0 2029
4.0 2030
9.0 2031
5.0 2032
9.0 2033
5.0 2034
7.0 2035
9.0 2036
8.0 2037
3.0 2038
5.0 2039
4.0 2040
4.0 2041
5.0 2042
6.0 2043
4.0 2044
3.0 2045
4.0 2046
5.0 2047
4.0 2048
5.0 2049
5.0 2050
6.0 2051
4.0 2052
2.0 2053
4.0 2054
4.0 2055
5.0 2056
8.0 2057
4.0 2058
5.0 2059
7.0 2060
6.0 2061
4.0 2062
7.0 2063
6.0 2064
6.0 2065
5.0 2066
7.0 2067
4.0 2068
6.0 2069
5.0 2070
4.0 2071
8.0 2072
4.0 2073
9.0 2074
8.0 2075
4.0 2076
5.0 2077
9.0 2078
10.0 2079
9.0 2080
6.0 2081
5.0 2082
6.0 2083
5.0 2084
4.0 2085
3.0 2086
5.0 2087
7.0 2088
5.0 2089
5.0 2090
5.0 2091
4.0 2092
7.0 2093
6.0 2094
8.0 2095
3.0 2096
6.0 2097
7.0 2098
6.0 2099
7.0 2100
4.0 2101
4.0 2102
4.0 2103
6.0 2104
5.0 2105
8.0 2106
5.0 2107
4.0 2108
4.0 2109
7.0 2110
7.0 2111
4.0 2112
6.0 2113
5.0 2114
4.0 2115
4.0 2116
6.0 2117
8.0 2118
7.0 2119
6.0 2120
6.0 2121
6.0 2122
4.0 2123
7.0 2124
3.0 2125
7.0 2126
4.0 2127
4.0 2128
2.0 2129
7.0 2130
5.0 2131
7.0 2132
5.0 2133
6.0 2134
4.0 2135
8.0 2136
4.0 2137
3.0 2138
10.0 2139
8.0 2140
6.0 2141
6.0 2142
7.0 2143
5.0 2144
5.0 2145
4.0 2146
3.0 2147
3.0 2148
3.0 2149
4.0 2150
5.0 2151
5.0 2152
4.0 2153
4.0 2154
7.0 2155
7.0 2156
4.0 2157
4.0 2158
5.0 2159
6.0 2160
2.0 2161
6.0 2162
7.0 2163
3.0 2164
5.0 2165
8.0 2166
6.0 2167
4.0 2168
3.0 2169
6.0 2170
4.0 2171
7.0 2172
7.0 2173
6.0 2174
4.0 2175
6.0 2176
5.0 2177
3.0 2178
5.0 2179
4.0 2180
5.0 2181
5.0 2182
7.0 2183
5.0 2184
6.0 2185
6.0 2186
3.0 2187
5.0 2188
2.0 2189
5.0 2190
5.0 2191
9.0 2192
5.0 2193
4.0 2194
4.0 2195
4.0 2196
5.0 2197
2.0 2198
3.0 2199
4.0 2200
6.0 2201
5.0 2202
8.0 2203
5.0 2204
6.0 2205
6.0 2206
6.0 2207
2.0 2208
5.0 2209
6.0 2210
7.0 2211
5.0 2212
5.0 2213
6.0 2214
5.0 2215
4.0 2216
4.0 2217
4.0 2218
4.0 2219
8.0 2220
7.0 2221
7.0 2222
8.0 2223
6.0 2224
6.0 2225
5.0 2226
6.0 2227
6.0 2228
3.0 2229
4.0 2230
4.0 2231
5.0 2232
8.0 2233
5.0 2234
4.0 2235
6.0 2236
3.0 2237
10.0 2238
4.0 2239
6.0 2240
6.0 2241
4.0 2242
7.0 2243
7.0 2244
8.0 2245
5.0 2246
7.0 2247
6.0 2248
3.0 2249
4.0 2250
6.0 2251
7.0 2252
4.0 2253
7.0 2254
8.0 2255
6.0 2256
5.0 2257
6.0 2258
5.0 2259
3.0 2260
7.0 2261
8.0 2262
6.0 2263
5.0 2264
4.0 2265
4.0 2266
7.0 2267
4.0 2268
5.0 2269
5.0 2270
2.0 2271
2.0 2272
5.0 2273
4.0 2274
5.0 2275
6.0 2276
6.0 2277
5.0 2278
4.0 2279
7.0 2280
6.0 2281
4.0 2282
5.0 2283
7.0 2284
5.0 2285
4.0 2286
6.0 2287
6.0 2288
6.0 2289
5.0 2290
8.0 2291
6.0 2292
5.0 2293
5.0 2294
6.0 2295
6.0 2296
6.0 2297
4.0 2298
4.0 2299
7.0 2300
5.0 2301
5.0 2302
6.0 2303
6.0 2304
4.0 2305
4.0 2306
5.0 2307
4.0 2308
3.0 2309
5.0 2310
2.0 2311
2.0 2312
6.0 2313
5.0 2314
5.0 2315
5.0 2316
5.0 2317
6.0 2318
5.0 2319
4.0 2320
7.0 2321
5.0 2322
5.0 2323
7.0 2324
2.0 2325
4.0 2326
6.0 2327
4.0 2328
5.0 2329
6.0 2330
6.0 2331
4.0 2332
3.0 2333
5.0 2334
7.0 2335
6.0 2336
4.0 2337
4.0 2338
6.0 2339
6.0 2340
7.0 2341
4.0 2342
4.0 2343
4.0 2344
7.0 2345
7.0 2346
3.0 2347
4.0 2348
3.0 2349
5.0 2350
5.0 2351
4.0 2352
4.0 2353
4.0 2354
6.0 2355
4.0 2356
4.0 2357
1.0 2358
5.0 2359
4.0 2360
4.0 2361
4.0 2362
4.0 2363
2.0 2364
4.0 2365
6.0 2366
5.0 2367
5.0 2368
6.0 2369
5.0 2370
4.0 2371
5.0 2372
6.0 2373
4.0 2374
7.0 2375
6.0 2376
6.0 2377
2.0 2378
4.0 2379
4.0 2380
7.0 2381
3.0 2382
5.0 2383
7.0 2384
3.0 2385
6.0 2386
5.0 2387
4.0 2388
2.0 2389
4.0 2390
7.0 2391
4.0 2392
5.0 2393
2.0 2394
4.0 2395
6.0 2396
6.0 2397
6.0 2398
5.0 2399
6.0 2400
5.0 2401
4.0 2402
3.0 2403
5.0 2404
5.0 2405
5.0 2406
5.0 2407
4.0 2408
4.0 2409
5.0 2410
5.0 2411
9.0 2412
7.0 2413
5.0 2414
6.0 2415
5.0 2416
7.0 2417
4.0 2418
4.0 2419
7.0 2420
4.0 2421
6.0 2422
7.0 2423
8.0 2424
4.0 2425
4.0 2426
4.0 2427
7.0 2428
2.0 2429
5.0 2430
4.0 2431
5.0 2432
4.0 2433
5.0 2434
4.0 2435
8.0 2436
7.0 2437
5.0 2438
7.0 2439
7.0 2440
8.0 2441
7.0 2442
6.0 2443
3.0 2444
2.0 2445
6.0 2446
3.0 2447
3.0 2448
2.0 2449
5.0 2450
5.0 2451
4.0 2452
4.0 2453
7.0 2454
8.0 2455
7.0 2456
4.0 2457
6.0 2458
8.0 2459
3.0 2460
6.0 2461
9.0 2462
2.0 2463
5.0 2464
4.0 2465
4.0 2466
5.0 2467
4.0 2468
4.0 2469
5.0 2470
5.0 2471
5.0 2472
8.0 2473
7.0 2474
8.0 2475
4.0 2476
5.0 2477
7.0 2478
6.0 2479
5.0 2480
5.0 2481
6.0 2482
7.0 2483
6.0 2484
4.0 2485
5.0 2486
2.0 2487
3.0 2488
4.0 2489
6.0 2490
2.0 2491
5.0 2492
3.0 2493
4.0 2494
4.0 2495
4.0 2496
7.0 2497
4.0 2498
4.0 2499
4.0 2500
5.0 2501
5.0 2502
3.0 2503
5.0 2504
5.0 2505
5.0 2506
3.0 2507
3.0 2508
10.0 2509
6.0 2510
5.0 2511
7.0 2512
6.0 2513
8.0 2514
5.0 2515
7.0 2516
6.0 2517
8.0 2518
7.0 2519
7.0 2520
6.0 2521
5.0 2522
6.0 2523
4.0 2524
6.0 2525
6.0 2526
7.0 2527
4.0 2528
7.0 2529
8.0 2530
4.0 2531
4.0 2532
4.0 2533
7.0 2534
4.0 2535
5.0 2536
5.0 2537
10.0 2538
7.0 2539
6.0 2540
5.0 2541
8.0 2542
7.0 2543
6.0 2544
6.0 2545
4.0 2546
7.0 2547
5.0 2548
5.0 2549
6.0 2550
7.0 2551
6.0 2552
4.0 2553
4.0 2554
4.0 2555
4.0 2556
5.0 2557
7.0 2558
6.0 2559
4.0 2560
7.0 2561
4.0 2562
5.0 2563
4.0 2564
5.0 2565
3.0 2566
6.0 2567
4.0 2568
3.0 2569
4.0 2570
5.0 2571
7.0 2572
5.0 2573
3.0 2574
7.0 2575
5.0 2576
4.0 2577
3.0 2578
4.0 2579
6.0 2580
5.0 2581
4.0 2582
5.0 2583
8.0 2584
6.0 2585
7.0 2586
6.0 2587
4.0 2588
5.0 2589
4.0 2590
5.0 2591
3.0 2592
9.0 2593
7.0 2594
5.0 2595
5.0 2596
8.0 2597
5.0 2598
7.0 2599
8.0 2600
9.0 2601
9.0 2602
9.0 2603
8.0 2604
6.0 2605
8.0 2606
7.0 2607
7.0 2608
7.0 2609
7.0 2610
5.0 2611
6.0 2612
7.0 2613
10.0 2614
5.0 2615
7.0 2616
9.0 2617
7.0 2618
9.0 2619
5.0 2620
6.0 2621
6.0 2622
6.0 2623
5.0 2624
4.0 2625
6.0 2626
5.0 2627
5.0 2628
6.0 2629
6.0 2630
4.0 2631
5.0 2632
5.0 2633
6.0 2634
4.0 2635
6.0 2636
6.0 2637
5.0 2638
6.0 2639
4.0 2640
8.0 2641
7.0 2642
7.0 2643
5.0 2644
7.0 2645
9.0 2646
4.0 2647
6.0 2648
9.0 2649
6.0 2650
4.0 2651
5.0 2652
5.0 2653
7.0 2654
6.0 2655
6.0 2656
6.0 2657
5.0 2658
2.0 2659
2.0 2660
4.0 2661
3.0 2662
3.0 2663
4.0 2664
4.0 2665
6.0 2666
4.0 2667
5.0 2668
7.0 2669
5.0 2670
4.0 2671
8.0 2672
6.0 2673
6.0 2674
6.0 2675
7.0 2676
4.0 2677
4.0 2678
6.0 2679
7.0 2680
6.0 2681
3.0 2682
2.0 2683
5.0 2684
5.0 2685
5.0 2686
5.0 2687
6.0 2688
5.0 2689
5.0 2690
4.0 2691
2.0 2692
2.0 2693
4.0 2694
3.0 2695
4.0 2696
4.0 2697
3.0 2698
4.0 2699
10.0 2700
7.0 2701
4.0 2702
9.0 2703
4.0 2704
6.0 2705
4.0 2706
3.0 2707
4.0 2708
6.0 2709
7.0 2710
4.0 2711
3.0 2712
2.0 2713
2.0 2714
6.0 2715
3.0 2716
2.0 2717
6.0 2718
6.0 2719
6.0 2720
6.0 2721
6.0 2722
5.0 2723
4.0 2724
7.0 2725
5.0 2726
5.0 2727
4.0 2728
4.0 2729
4.0 2730
8.0 2731
5.0 2732
7.0 2733
7.0 2734
7.0 2735
6.0 2736
4.0 2737
5.0 2738
4.0 2739
6.0 2740
3.0 2741
8.0 2742
9.0 2743
4.0 2744
4.0 2745
5.0 2746
6.0 2747
4.0 2748
7.0 2749
5.0 2750
4.0 2751
6.0 2752
4.0 2753
2.0 2754
4.0 2755
5.0 2756
5.0 2757
7.0 2758
5.0 2759
7.0 2760
5.0 2761
5.0 2762
7.0 2763
7.0 2764
4.0 2765
7.0 2766
5.0 2767
5.0 2768
5.0 2769
3.0 2770
4.0 2771
4.0 2772
4.0 2773
5.0 2774
5.0 2775
5.0 2776
9.0 2777
8.0 2778
6.0 2779
4.0 2780
7.0 2781
3.0 2782
6.0 2783
4.0 2784
5.0 2785
7.0 2786
6.0 2787
4.0 2788
4.0 2789
3.0 2790
4.0 2791
2.0 2792
4.0 2793
5.0 2794
4.0 2795
5.0 2796
3.0 2797
6.0 2798
4.0 2799
4.0 2800
3.0 2801
3.0 2802
6.0 2803
5.0 2804
6.0 2805
6.0 2806
4.0 2807
4.0 2808
2.0 2809
2.0 2810
4.0 2811
3.0 2812
8.0 2813
3.0 2814
5.0 2815
6.0 2816
4.0 2817
5.0 2818
3.0 2819
4.0 2820
5.0 2821
6.0 2822
5.0 2823
5.0 2824
6.0 2825
4.0 2826
5.0 2827
5.0 2828
3.0 2829
4.0 2830
6.0 2831
8.0 2832
4.0 2833
7.0 2834
4.0 2835
4.0 2836
5.0 2837
5.0 2838
3.0 2839
4.0 2840
5.0 2841
6.0 2842
4.0 2843
2.0 2844
5.0 2845
7.0 2846
3.0 2847
5.0 2848
5.0 2849
4.0 2850
4.0 2851
6.0 2852
5.0 2853
7.0 2854
5.0 2855
6.0 2856
5.0 2857
6.0 2858
5.0 2859
7.0 2860
4.0 2861
4.0 2862
4.0 2863
7.0 2864
5.0 2865
7.0 2866
6.0 2867
4.0 2868
4.0 2869
5.0 2870
5.0 2871
5.0 2872
5.0 2873
3.0 2874
4.0 2875
5.0 2876
4.0 2877
2.0 2878
4.0 2879
4.0 2880
4.0 2881
5.0 2882
5.0 2883
3.0 2884
8.0 2885
8.0 2886
6.0 2887
3.0 2888
7.0 2889
8.0 2890
8.0 2891
8.0 2892
5.0 2893
5.0 2894
7.0 2895
8.0 2896
6.0 2897
6.0 2898
6.0 2899
5.0 2900
6.0 2901
4.0 2902
5.0 2903
10.0 2904
6.0 2905
7.0 2906
5.0 2907
6.0 2908
7.0 2909
6.0 2910
7.0 2911
6.0 2912
6.0 2913
5.0 2914
5.0 2915
5.0 2916
5.0 2917
3.0 2918
2.0 2919
3.0 2920
6.0 2921
6.0 2922
6.0 2923
6.0 2924
6.0 2925
4.0 2926
4.0 2927
4.0 2928
5.0 2929
5.0 2930
4.0 2931
5.0 2932
4.0 2933
5.0 2934
4.0 2935
5.0 2936
4.0 2937
3.0 2938
2.0 2939
2.0 2940
6.0 2941
2.0 2942
3.0 2943
3.0 2944
6.0 2945
4.0 2946
5.0 2947
5.0 2948
6.0 2949
7.0 2950
4.0 2951
4.0 2952
3.0 2953
4.0 2954
2.0 2955
4.0 2956
5.0 2957
6.0 2958
4.0 2959
7.0 2960
4.0 2961
6.0 2962
8.0 2963
5.0 2964
8.0 2965
5.0 2966
2.0 2967
3.0 2968
5.0 2969
4.0 2970
5.0 2971
5.0 2972
6.0 2973
4.0 2974
6.0 2975
7.0 2976
5.0 2977
7.0 2978
4.0 2979
4.0 2980
5.0 2981
6.0 2982
4.0 2983
5.0 2984
5.0 2985
6.0 2986
5.0 2987
4.0 2988
6.0 2989
3.0 2990
6.0 2991
5.0 2992
6.0 2993
5.0 2994
4.0 2995
7.0 2996
7.0 2997
6.0 2998
6.0 2999
5.0 3000
8.0 3001
5.0 3002
5.0 3003
7.0 3004
5.0 3005
4.0 3006
6.0 3007
5.0 3008
7.0 3009
4.0 3010
4.0 3011
5.0 3012
5.0 3013
6.0 3014
3.0 3015
3.0 3016
4.0 3017
3.0 3018
4.0 3019
6.0 3020
5.0 3021
7.0 3022
3.0 3023
4.0 3024
7.0 3025
5.0 3026
5.0 3027
4.0 3028
4.0 3029
3.0 3030
7.0 3031
4.0 3032
2.0 3033
4.0 3034
2.0 3035
7.0 3036
4.0 3037
5.0 3038
5.0 3039
6.0 3040
5.0 3041
5.0 3042
4.0 3043
2.0 3044
3.0 3045
3.0 3046
3.0 3047
4.0 3048
5.0 3049
5.0 3050
4.0 3051
5.0 3052
4.0 3053
3.0 3054
3.0 3055
1.0 3056
7.0 3057
4.0 3058
3.0 3059
3.0 3060
2.0 3061
5.0 3062
3.0 3063
3.0 3064
3.0 3065
5.0 3066
5.0 3067
6.0 3068
3.0 3069
6.0 3070
4.0 3071
4.0 3072
5.0 3073
5.0 3074
3.0 3075
4.0 3076
5.0 3077
2.0 3078
3.0 3079
5.0 3080
6.0 3081
6.0 3082
4.0 3083
6.0 3084
4.0 3085
6.0 3086
5.0 3087
7.0 3088
5.0 3089
4.0 3090
8.0 3091
6.0 3092
6.0 3093
8.0 3094
8.0 3095
5.0 3096
8.0 3097
5.0 3098
9.0 3099
6.0 3100
5.0 3101
5.0 3102
8.0 3103
5.0 3104
4.0 3105
8.0 3106
4.0 3107
7.0 3108
7.0 3109
7.0 3110
5.0 3111
4.0 3112
3.0 3113
5.0 3114
5.0 3115
5.0 3116
5.0 3117
4.0 3118
6.0 3119
6.0 3120
5.0 3121
4.0 3122
8.0 3123
4.0 3124
5.0 3125
7.0 3126
4.0 3127
5.0 3128
6.0 3129
6.0 3130
4.0 3131
5.0 3132
4.0 3133
4.0 3134
4.0 3135
6.0 3136
4.0 3137
9.0 3138
8.0 3139
5.0 3140
6.0 3141
4.0 3142
7.0 3143
5.0 3144
7.0 3145
5.0 3146
5.0 3147
6.0 3148
6.0 3149
5.0 3150
3.0 3151
6.0 3152
7.0 3153
6.0 3154
5.0 3155
4.0 3156
4.0 3157
4.0 3158
6.0 3159
6.0 3160
6.0 3161
5.0 3162
8.0 3163
7.0 3164
7.0 3165
7.0 3166
6.0 3167
6.0 3168
3.0 3169
5.0 3170
5.0 3171
4.0 3172
5.0 3173
5.0 3174
5.0 3175
8.0 3176
6.0 3177
4.0 3178
6.0 3179
3.0 3180
3.0 3181
4.0 3182
2.0 3183
3.0 3184
6.0 3185
5.0 3186
5.0 3187
4.0 3188
5.0 3189
3.0 3190
6.0 3191
5.0 3192
7.0 3193
6.0 3194
7.0 3195
6.0 3196
3.0 3197
5.0 3198
8.0 3199
6.0 3200
5.0 3201
5.0 3202
6.0 3203
3.0 3204
7.0 3205
6.0 3206
6.0 3207
5.0 3208
6.0 3209
6.0 3210
3.0 3211
4.0 3212
5.0 3213
9.0 3214
5.0 3215
6.0 3216
5.0 3217
5.0 3218
5.0 3219
6.0 3220
5.0 3221
5.0 3222
6.0 3223
5.0 3224
5.0 3225
4.0 3226
4.0 3227
8.0 3228
6.0 3229
4.0 3230
6.0 3231
4.0 3232
6.0 3233
5.0 3234
5.0 3235
4.0 3236
4.0 3237
5.0 3238
7.0 3239
3.0 3240
3.0 3241
4.0 3242
3.0 3243
3.0 3244
2.0 3245
2.0 3246
2.0 3247
2.0 3248
3.0 3249
5.0 3250
3.0 3251
6.0 3252
7.0 3253
6.0 3254
6.0 3255
6.0 3256
7.0 3257
6.0 3258
9.0 3259
5.0 3260
4.0 3261
7.0 3262
5.0 3263
6.0 3264
8.0 3265
8.0 3266
5.0 3267
5.0 3268
7.0 3269
6.0 3270
5.0 3271
5.0 3272
3.0 3273
3.0 3274
6.0 3275
5.0 3276
4.0 3277
4.0 3278
4.0 3279
4.0 3280
3.0 3281
3.0 3282
2.0 3283
3.0 3284
5.0 3285
5.0 3286
2.0 3287
4.0 3288
4.0 3289
4.0 3290
4.0 3291
6.0 3292
6.0 3293
6.0 3294
5.0 3295
4.0 3296
3.0 3297
6.0 3298
7.0 3299
5.0 3300
6.0 3301
8.0 3302
3.0 3303
5.0 3304
5.0 3305
5.0 3306
4.0 3307
5.0 3308
5.0 3309
3.0 3310
3.0 3311
7.0 3312
4.0 3313
4.0 3314
3.0 3315
5.0 3316
5.0 3317
6.0 3318
5.0 3319
4.0 3320
6.0 3321
4.0 3322
6.0 3323
5.0 3324
5.0 3325
2.0 3326
3.0 3327
4.0 3328
4.0 3329
2.0 3330
4.0 3331
5.0 3332
4.0 3333
8.0 3334
4.0 3335
3.0 3336
3.0 3337
7.0 3338
6.0 3339
3.0 3340
4.0 3341
4.0 3342
4.0 3343
3.0 3344
5.0 3345
2.0 3346
2.0 3347
3.0 3348
5.0 3349
4.0 3350
5.0 3351
7.0 3352
5.0 3353
4.0 3354
7.0 3355
6.0 3356
5.0 3357
4.0 3358
4.0 3359
1.0 3360
5.0 3361
3.0 3362
3.0 3363
5.0 3364
3.0 3365
1.0 3366
4.0 3367
7.0 3368
5.0 3369
4.0 3370
5.0 3371
3.0 3372
4.0 3373
8.0 3374
3.0 3375
5.0 3376
5.0 3377
7.0 3378
5.0 3379
5.0 3380
2.0 3381
3.0 3382
5.0 3383
3.0 3384
4.0 3385
5.0 3386
7.0 3387
6.0 3388
5.0 3389
7.0 3390
4.0 3391
3.0 3392
6.0 3393
3.0 3394
5.0 3395
4.0 3396
4.0 3397
4.0 3398
4.0 3399
6.0 3400
4.0 3401
4.0 3402
6.0 3403
5.0 3404
5.0 3405
5.0 3406
4.0 3407
3.0 3408
6.0 3409
7.0 3410
5.0 3411
6.0 3412
3.0 3413
5.0 3414
5.0 3415
5.0 3416
4.0 3417
4.0 3418
4.0 3419
7.0 3420
6.0 3421
5.0 3422
4.0 3423
5.0 3424
5.0 3425
5.0 3426
7.0 3427
7.0 3428
5.0 3429
6.0 3430
4.0 3431
5.0 3432
4.0 3433
3.0 3434
5.0 3435
6.0 3436
4.0 3437
4.0 3438
6.0 3439
3.0 3440
5.0 3441
6.0 3442
3.0 3443
6.0 3444
5.0 3445
8.0 3446
8.0 3447
8.0 3448
3.0 3449
2.0 3450
5.0 3451
3.0 3452
6.0 3453
4.0 3454
5.0 3455
5.0 3456
4.0 3457
4.0 3458
6.0 3459
5.0 3460
5.0 3461
5.0 3462
4.0 3463
6.0 3464
5.0 3465
3.0 3466
6.0 3467
5.0 3468
7.0 3469
8.0 3470
5.0 3471
4.0 3472
4.0 3473
3.0 3474
2.0 3475
5.0 3476
4.0 3477
5.0 3478
2.0 3479
3.0 3480
6.0 3481
9.0 3482
6.0 3483
3.0 3484
5.0 3485
5.0 3486
6.0 3487
4.0 3488
4.0 3489
3.0 3490
6.0 3491
7.0 3492
4.0 3493
5.0 3494
5.0 3495
4.0 3496
7.0 3497
4.0 3498
7.0 3499
5.0 3500
7.0 3501
6.0 3502
4.0 3503
6.0 3504
5.0 3505
6.0 3506
6.0 3507
5.0 3508
3.0 3509
6.0 3510
5.0 3511
2.0 3512
4.0 3513
5.0 3514
2.0 3515
4.0 3516
7.0 3517
7.0 3518
3.0 3519
5.0 3520
6.0 3521
6.0 3522
5.0 3523
6.0 3524
5.0 3525
6.0 3526
5.0 3527
6.0 3528
5.0 3529
6.0 3530
4.0 3531
4.0 3532
6.0 3533
5.0 3534
3.0 3535
4.0 3536
4.0 3537
5.0 3538
5.0 3539
7.0 3540
5.0 3541
3.0 3542
6.0 3543
3.0 3544
8.0 3545
6.0 3546
7.0 3547
4.0 3548
6.0 3549
6.0 3550
6.0 3551
5.0 3552
5.0 3553
4.0 3554
4.0 3555
6.0 3556
7.0 3557
4.0 3558
5.0 3559
5.0 3560
7.0 3561
5.0 3562
5.0 3563
2.0 3564
6.0 3565
6.0 3566
5.0 3567
3.0 3568
5.0 3569
6.0 3570
4.0 3571
5.0 3572
8.0 3573
7.0 3574
5.0 3575
5.0 3576
6.0 3577
5.0 3578
7.0 3579
6.0 3580
4.0 3581
5.0 3582
9.0 3583
4.0 3584
6.0 3585
4.0 3586
4.0 3587
5.0 3588
5.0 3589
7.0 3590
5.0 3591
4.0 3592
4.0 3593
8.0 3594
7.0 3595
5.0 3596
6.0 3597
8.0 3598
3.0 3599
7.0 3600
4.0 3601
7.0 3602
7.0 3603
4.0 3604
5.0 3605
7.0 3606
4.0 3607
7.0 3608
7.0 3609
2.0 3610
3.0 3611
4.0 3612
6.0 3613
4.0 3614
4.0 3615
4.0 3616
6.0 3617
5.0 3618
3.0 3619
2.0 3620
8.0 3621
6.0 3622
5.0 3623
8.0 3624
9.0 3625
7.0 3626
6.0 3627
7.0 3628
5.0 3629
4.0 3630
5.0 3631
6.0 3632
7.0 3633
6.0 3634
7.0 3635
8.0 3636
6.0 3637
4.0 3638
4.0 3639
4.0 3640
4.0 3641
8.0 3642
3.0 3643
6.0 3644
3.0 3645
3.0 3646
8.0 3647
4.0 3648
4.0 3649
5.0 3650
3.0 3651
5.0 3652
2.0 3653
8.0 3654
2.0 3655
5.0 3656
5.0 3657
6.0 3658
4.0 3659
3.0 3660
7.0 3661
5.0 3662
5.0 3663
4.0 3664
4.0 3665
6.0 3666
5.0 3667
6.0 3668
6.0 3669
6.0 3670
4.0 3671
6.0 3672
6.0 3673
6.0 3674
6.0 3675
4.0 3676
6.0 3677
5.0 3678
5.0 3679
5.0 3680
3.0 3681
4.0 3682
5.0 3683
3.0 3684
4.0 3685
4.0 3686
3.0 3687
5.0 3688
5.0 3689
3.0 3690
4.0 3691
5.0 3692
6.0 3693
6.0 3694
4.0 3695
4.0 3696
4.0 3697
4.0 3698
7.0 3699
5.0 3700
7.0 3701
5.0 3702
4.0 3703
4.0 3704
5.0 3705
6.0 3706
6.0 3707
4.0 3708
5.0 3709
4.0 3710
3.0 3711
2.0 3712
2.0 3713
4.0 3714
7.0 3715
6.0 3716
5.0 3717
7.0 3718
4.0 3719
3.0 3720
6.0 3721
4.0 3722
7.0 3723
7.0 3724
5.0 3725
7.0 3726
5.0 3727
6.0 3728
3.0 3729
6.0 3730
5.0 3731
7.0 3732
6.0 3733
5.0 3734
2.0 3735
4.0 3736
5.0 3737
2.0 3738
4.0 3739
6.0 3740
5.0 3741
4.0 3742
6.0 3743
5.0 3744
6.0 3745
5.0 3746
4.0 3747
5.0 3748
6.0 3749
5.0 3750
2.0 3751
4.0 3752
2.0 3753
5.0 3754
6.0 3755
4.0 3756
4.0 3757
5.0 3758
4.0 3759
5.0 3760
4.0 3761
4.0 3762
5.0 3763
8.0 3764
7.0 3765
8.0 3766
7.0 3767
5.0 3768
4.0 3769
5.0 3770
7.0 3771
4.0 3772
8.0 3773
3.0 3774
3.0 3775
4.0 3776
6.0 3777
6.0 3778
6.0 3779
7.0 3780
4.0 3781
5.0 3782
5.0 3783
4.0 3784
7.0 3785
9.0 3786
6.0 3787
8.0 3788
4.0 3789
4.0 3790
6.0 3791
2.0 3792
4.0 3793
7.0 3794
2.0 3795
4.0 3796
5.0 3797
5.0 3798
5.0 3799
6.0 3800
4.0 3801
5.0 3802
6.0 3803
5.0 3804
6.0 3805
8.0 3806
6.0 3807
7.0 3808
5.0 3809
4.0 3810
4.0 3811
6.0 3812
4.0 3813
7.0 3814
6.0 3815
6.0 3816
5.0 3817
3.0 3818
4.0 3819
3.0 3820
5.0 3821
2.0 3822
4.0 3823
4.0 3824
4.0 3825
5.0 3826
5.0 3827
5.0 3828
6.0 3829
3.0 3830
7.0 3831
7.0 3832
5.0 3833
4.0 3834
7.0 3835
4.0 3836
6.0 3837
6.0 3838
5.0 3839
4.0 3840
5.0 3841
7.0 3842
5.0 3843
5.0 3844
6.0 3845
4.0 3846
4.0 3847
7.0 3848
4.0 3849
5.0 3850
2.0 3851
3.0 3852
4.0 3853
5.0 3854
4.0 3855
3.0 3856
3.0 3857
2.0 3858
2.0 3859
4.0 3860
4.0 3861
2.0 3862
3.0 3863
5.0 3864
4.0 3865
4.0 3866
5.0 3867
2.0 3868
4.0 3869
4.0 3870
3.0 3871
5.0 3872
5.0 3873
4.0 3874
5.0 3875
5.0 3876
2.0 3877
4.0 3878
4.0 3879
4.0 3880
4.0 3881
5.0 3882
4.0 3883
6.0 3884
8.0 3885
8.0 3886
5.0 3887
3.0 3888
4.0 3889
8.0 3890
4.0 3891
5.0 3892
3.0 3893
6.0 3894
4.0 3895
6.0 3896
6.0 3897
3.0 3898
3.0 3899
5.0 3900
2.0 3901
6.0 3902
3.0 3903
6.0 3904
3.0 3905
4.0 3906
2.0 3907
7.0 3908
5.0 3909
6.0 3910
4.0 3911
6.0 3912
6.0 3913
5.0 3914
6.0 3915
5.0 3916
5.0 3917
7.0 3918
6.0 3919
6.0 3920
5.0 3921
8.0 3922
6.0 3923
5.0 3924
5.0 3925
6.0 3926
4.0 3927
5.0 3928
5.0 3929
3.0 3930
5.0 3931
6.0 3932
5.0 3933
5.0 3934
6.0 3935
8.0 3936
5.0 3937
4.0 3938
5.0 3939
4.0 3940
7.0 3941
4.0 3942
4.0 3943
5.0 3944
5.0 3945
4.0 3946
6.0 3947
5.0 3948
7.0 3949
6.0 3950
4.0 3951
5.0 3952
4.0 3953
6.0 3954
5.0 3955
6.0 3956
4.0 3957
6.0 3958
8.0 3959
7.0 3960
7.0 3961
6.0 3962
5.0 3963
5.0 3964
4.0 3965
4.0 3966
6.0 3967
3.0 3968
5.0 3969
5.0 3970
9.0 3971
3.0 3972
5.0 3973
6.0 3974
7.0 3975
5.0 3976
5.0 3977
8.0 3978
5.0 3979
5.0 3980
5.0 3981
4.0 3982
3.0 3983
5.0 3984
7.0 3985
7.0 3986
2.0 3987
4.0 3988
6.0 3989
7.0 3990
7.0 3991
4.0 3992
5.0 3993
4.0 3994
2.0 3995
5.0 3996
7.0 3997
3.0 3998
5.0 3999
4.0 4000
4.0 4001
4.0 4002
4.0 4003
6.0 4004
5.0 4005
6.0 4006
6.0 4007
5.0 4008
6.0 4009
3.0 4010
3.0 4011
4.0 4012
5.0 4013
7.0 4014
5.0 4015
4.0 4016
4.0 4017
5.0 4018
6.0 4019
5.0 4020
4.0 4021
4.0 4022
5.0 4023
3.0 4024
3.0 4025
5.0 4026
4.0 4027
2.0 4028
5.0 4029
4.0 4030
5.0 4031
6.0 4032
6.0 4033
6.0 4034
7.0 4035
5.0 4036
6.0 4037
6.0 4038
5.0 4039
4.0 4040
6.0 4041
2.0 4042
4.0 4043
4.0 4044
6.0 4045
4.0 4046
6.0 4047
5.0 4048
5.0 4049
6.0 4050
5.0 4051
7.0 4052
6.0 4053
5.0 4054
3.0 4055
7.0 4056
2.0 4057
3.0 4058
4.0 4059
3.0 4060
3.0 4061
4.0 4062
5.0 4063
6.0 4064
6.0 4065
7.0 4066
5.0 4067
7.0 4068
7.0 4069
8.0 4070
4.0 4071
5.0 4072
2.0 4073
3.0 4074
5.0 4075
4.0 4076
3.0 4077
3.0 4078
2.0 4079
2.0 4080
4.0 4081
3.0 4082
5.0 4083
4.0 4084
2.0 4085
6.0 4086
4.0 4087
5.0 4088
2.0 4089
4.0 4090
5.0 4091
5.0 4092
3.0 4093
4.0 4094
5.0 4095
3.0 4096
4.0 4097
4.0 4098
3.0 4099
2.0 4100
6.0 4101
6.0 4102
7.0 4103
5.0 4104
6.0 4105
3.0 4106
4.0 4107
4.0 4108
3.0 4109
2.0 4110
3.0 4111
5.0 4112
3.0 4113
4.0 4114
5.0 4115
7.0 4116
6.0 4117
3.0 4118
4.0 4119
6.0 4120
6.0 4121
7.0 4122
4.0 4123
5.0 4124
5.0 4125
5.0 4126
3.0 4127
4.0 4128
5.0 4129
4.0 4130
6.0 4131
4.0 4132
7.0 4133
6.0 4134
3.0 4135
4.0 4136
6.0 4137
4.0 4138
5.0 4139
5.0 4140
4.0 4141
8.0 4142
3.0 4143
4.0 4144
7.0 4145
4.0 4146
7.0 4147
6.0 4148
5.0 4149
6.0 4150
5.0 4151
5.0 4152
4.0 4153
4.0 4154
4.0 4155
5.0 4156
7.0 4157
5.0 4158
7.0 4159
4.0 4160
7.0 4161
4.0 4162
3.0 4163
5.0 4164
5.0 4165
5.0 4166
5.0 4167
5.0 4168
3.0 4169
6.0 4170
5.0 4171
5.0 4172
5.0 4173
6.0 4174
5.0 4175
6.0 4176
5.0 4177
5.0 4178
6.0 4179
4.0 4180
4.0 4181
5.0 4182
5.0 4183
4.0 4184
3.0 4185
2.0 4186
4.0 4187
4.0 4188
2.0 4189
7.0 4190
5.0 4191
3.0 4192
3.0 4193
5.0 4194
7.0 4195
7.0 4196
4.0 4197
4.0 4198
5.0 4199
4.0 4200
5.0 4201
5.0 4202
3.0 4203
4.0 4204
3.0 4205
4.0 4206
5.0 4207
5.0 4208
7.0 4209
5.0 4210
5.0 4211
5.0 4212
8.0 4213
5.0 4214
5.0 4215
7.0 4216
5.0 4217
3.0 4218
6.0 4219
4.0 4220
4.0 4221
3.0 4222
4.0 4223
3.0 4224
3.0 4225
5.0 4226
3.0 4227
4.0 4228
6.0 4229
5.0 4230
6.0 4231
3.0 4232
4.0 4233
3.0 4234
3.0 4235
3.0 4236
4.0 4237
7.0 4238
6.0 4239
5.0 4240
5.0 4241
4.0 4242
7.0 4243
8.0 4244
7.0 4245
6.0 4246
6.0 4247
6.0 4248
4.0 4249
3.0 4250
3.0 4251
7.0 4252
4.0 4253
5.0 4254
3.0 4255
6.0 4256
3.0 4257
5.0 4258
6.0 4259
6.0 4260
9.0 4261
4.0 4262
4.0 4263
5.0 4264
5.0 4265
4.0 4266
6.0 4267
6.0 4268
2.0 4269
4.0 4270
6.0 4271
5.0 4272
5.0 4273
4.0 4274
5.0 4275
3.0 4276
4.0 4277
2.0 4278
4.0 4279
6.0 4280
4.0 4281
7.0 4282
5.0 4283
5.0 4284
5.0 4285
5.0 4286
5.0 4287
7.0 4288
7.0 4289
4.0 4290
5.0 4291
7.0 4292
6.0 4293
5.0 4294
5.0 4295
5.0 4296
5.0 4297
5.0 4298
3.0 4299
6.0 4300
6.0 4301
4.0 4302
5.0 4303
4.0 4304
3.0 4305
6.0 4306
6.0 4307
6.0 4308
5.0 4309
5.0 4310
5.0 4311
5.0 4312
6.0 4313
3.0 4314
5.0 4315
5.0 4316
5.0 4317
4.0 4318
4.0 4319
8.0 4320
2.0 4321
5.0 4322
2.0 4323
6.0 4324
5.0 4325
7.0 4326
4.0 4327
6.0 4328
6.0 4329
5.0 4330
6.0 4331
5.0 4332
5.0 4333
3.0 4334
5.0 4335
4.0 4336
6.0 4337
5.0 4338
4.0 4339
6.0 4340
6.0 4341
8.0 4342
5.0 4343
5.0 4344
7.0 4345
7.0 4346
5.0 4347
3.0 4348
3.0 4349
4.0 4350
4.0 4351
5.0 4352
3.0 4353
5.0 4354
3.0 4355
6.0 4356
6.0 4357
3.0 4358
4.0 4359
4.0 4360
6.0 4361
7.0 4362
5.0 4363
5.0 4364
5.0 4365
5.0 4366
8.0 4367
5.0 4368
3.0 4369
4.0 4370
4.0 4371
2.0 4372
5.0 4373
3.0 4374
4.0 4375
5.0 4376
5.0 4377
4.0 4378
3.0 4379
4.0 4380
4.0 4381
5.0 4382
5.0 4383
4.0 4384
6.0 4385
6.0 4386
3.0 4387
3.0 4388
4.0 4389
6.0 4390
4.0 4391
5.0 4392
4.0 4393
3.0 4394
4.0 4395
3.0 4396
5.0 4397
7.0 4398
3.0 4399
3.0 4400
6.0 4401
3.0 4402
6.0 4403
4.0 4404
6.0 4405
3.0 4406
7.0 4407
6.0 4408
3.0 4409
3.0 4410
4.0 4411
3.0 4412
3.0 4413
5.0 4414
4.0 4415
4.0 4416
5.0 4417
2.0 4418
6.0 4419
6.0 4420
3.0 4421
4.0 4422
2.0 4423
4.0 4424
4.0 4425
3.0 4426
4.0 4427
5.0 4428
5.0 4429
3.0 4430
3.0 4431
3.0 4432
4.0 4433
4.0 4434
6.0 4435
5.0 4436
4.0 4437
4.0 4438
6.0 4439
3.0 4440
4.0 4441
4.0 4442
3.0 4443
7.0 4444
6.0 4445
6.0 4446
6.0 4447
6.0 4448
5.0 4449
4.0 4450
7.0 4451
7.0 4452
6.0 4453
4.0 4454
6.0 4455
6.0 4456
5.0 4457
4.0 4458
3.0 4459
4.0 4460
5.0 4461
5.0 4462
4.0 4463
6.0 4464
4.0 4465
6.0 4466
4.0 4467
6.0 4468
6.0 4469
3.0 4470
7.0 4471
6.0 4472
4.0 4473
4.0 4474
4.0 4475
5.0 4476
4.0 4477
4.0 4478
3.0 4479
5.0 4480
4.0 4481
2.0 4482
3.0 4483
3.0 4484
3.0 4485
5.0 4486
4.0 4487
2.0 4488
4.0 4489
3.0 4490
6.0 4491
4.0 4492
3.0 4493
6.0 4494
5.0 4495
5.0 4496
5.0 4497
6.0 4498
7.0 4499
7.0 4500
6.0 4501
3.0 4502
5.0 4503
6.0 4504
6.0 4505
3.0 4506
7.0 4507
5.0 4508
5.0 4509
5.0 4510
5.0 4511
7.0 4512
6.0 4513
4.0 4514
6.0 4515
6.0 4516
6.0 4517
8.0 4518
4.0 4519
3.0 4520
2.0 4521
3.0 4522
4.0 4523
6.0 4524
4.0 4525
5.0 4526
6.0 4527
6.0 4528
5.0 4529
5.0 4530
6.0 4531
5.0 4532
5.0 4533
5.0 4534
6.0 4535
5.0 4536
5.0 4537
6.0 4538
4.0 4539
5.0 4540
3.0 4541
5.0 4542
6.0 4543
7.0 4544
4.0 4545
6.0 4546
7.0 4547
6.0 4548
5.0 4549
6.0 4550
5.0 4551
3.0 4552
6.0 4553
3.0 4554
5.0 4555
6.0 4556
5.0 4557
5.0 4558
4.0 4559
2.0 4560
3.0 4561
2.0 4562
3.0 4563
4.0 4564
4.0 4565
4.0 4566
4.0 4567
4.0 4568
5.0 4569
4.0 4570
2.0 4571
4.0 4572
3.0 4573
3.0 4574
4.0 4575
4.0 4576
6.0 4577
6.0 4578
6.0 4579
3.0 4580
2.0 4581
5.0 4582
3.0 4583
2.0 4584
3.0 4585
6.0 4586
7.0 4587
5.0 4588
4.0 4589
4.0 4590
5.0 4591
7.0 4592
4.0 4593
2.0 4594
5.0 4595
5.0 4596
4.0 4597
7.0 4598
8.0 4599
4.0 4600
5.0 4601
7.0 4602
6.0 4603
6.0 4604
5.0 4605
6.0 4606
3.0 4607
4.0 4608
6.0 4609
3.0 4610
5.0 4611
5.0 4612
5.0 4613
4.0 4614
5.0 4615
5.0 4616
5.0 4617
5.0 4618
5.0 4619
6.0 4620
3.0 4621
6.0 4622
3.0 4623
4.0 4624
4.0 4625
4.0 4626
4.0 4627
5.0 4628
5.0 4629
7.0 4630
5.0 4631
5.0 4632
4.0 4633
3.0 4634
5.0 4635
4.0 4636
4.0 4637
5.0 4638
5.0 4639
3.0 4640
2.0 4641
4.0 4642
5.0 4643
4.0 4644
3.0 4645
4.0 4646
2.0 4647
3.0 4648
4.0 4649
4.0 4650
3.0 4651
4.0 4652
4.0 4653
8.0 4654
4.0 4655
4.0 4656
4.0 4657
4.0 4658
6.0 4659
6.0 4660
7.0 4661
6.0 4662
3.0 4663
3.0 4664
6.0 4665
6.0 4666
6.0 4667
5.0 4668
5.0 4669
4.0 4670
4.0 4671
5.0 4672
6.0 4673
6.0 4674
4.0 4675
3.0 4676
6.0 4677
4.0 4678
3.0 4679
4.0 4680
4.0 4681
4.0 4682
6.0 4683
5.0 4684
3.0 4685
8.0 4686
3.0 4687
3.0 4688
5.0 4689
3.0 4690
4.0 4691
4.0 4692
4.0 4693
5.0 4694
8.0 4695
5.0 4696
5.0 4697
5.0 4698
5.0 4699
5.0 4700
7.0 4701
8.0 4702
4.0 4703
6.0 4704
5.0 4705
4.0 4706
8.0 4707
5.0 4708
5.0 4709
3.0 4710
6.0 4711
3.0 4712
4.0 4713
6.0 4714
6.0 4715
5.0 4716
6.0 4717
6.0 4718
5.0 4719
5.0 4720
6.0 4721
6.0 4722
4.0 4723
5.0 4724
4.0 4725
4.0 4726
4.0 4727
4.0 4728
5.0 4729
4.0 4730
7.0 4731
5.0 4732
3.0 4733
6.0 4734
4.0 4735
5.0 4736
3.0 4737
5.0 4738
6.0 4739
6.0 4740
6.0 4741
5.0 4742
5.0 4743
6.0 4744
3.0 4745
5.0 4746
4.0 4747
6.0 4748
4.0 4749
4.0 4750
6.0 4751
5.0 4752
6.0 4753
4.0 4754
7.0 4755
3.0 4756
6.0 4757
6.0 4758
5.0 4759
6.0 4760
6.0 4761
6.0 4762
5.0 4763
6.0 4764
6.0 4765
3.0 4766
3.0 4767
2.0 4768
4.0 4769
3.0 4770
6.0 4771
2.0 4772
6.0 4773
5.0 4774
2.0 4775
7.0 4776
4.0 4777
6.0 4778
4.0 4779
2.0 4780
3.0 4781
3.0 4782
4.0 4783
4.0 4784
3.0 4785
3.0 4786
3.0 4787
5.0 4788
6.0 4789
8.0 4790
8.0 4791
6.0 4792
8.0 4793
7.0 4794
4.0 4795
4.0 4796
4.0 4797
6.0 4798
6.0 4799
5.0 4800
4.0 4801
4.0 4802
4.0 4803
3.0 4804
4.0 4805
6.0 4806
4.0 4807
4.0 4808
5.0 4809
2.0 4810
4.0 4811
4.0 4812
4.0 4813
5.0 4814
4.0 4815
2.0 4816
7.0 4817
3.0 4818
3.0 4819
3.0 4820
2.0 4821
4.0 4822
5.0 4823
5.0 4824
5.0 4825
3.0 4826
4.0 4827
5.0 4828
3.0 4829
4.0 4830
4.0 4831
4.0 4832
6.0 4833
4.0 4834
5.0 4835
4.0 4836
8.0 4837
5.0 4838
4.0 4839
5.0 4840
4.0 4841
6.0 4842
5.0 4843
5.0 4844
4.0 4845
4.0 4846
5.0 4847
5.0 4848
6.0 4849
4.0 4850
5.0 4851
6.0 4852
5.0 4853
6.0 4854
6.0 4855
5.0 4856
7.0 4857
5.0 4858
6.0 4859
2.0 4860
5.0 4861
4.0 4862
3.0 4863
3.0 4864
4.0 4865
4.0 4866
5.0 4867
3.0 4868
3.0 4869
4.0 4870
7.0 4871
5.0 4872
6.0 4873
7.0 4874
5.0 4875
5.0 4876
4.0 4877
4.0 4878
2.0 4879
4.0 4880
3.0 4881
5.0 4882
3.0 4883
7.0 4884
4.0 4885
3.0 4886
2.0 4887
2.0 4888
5.0 4889
5.0 4890
5.0 4891
6.0 4892
6.0 4893
7.0 4894
5.0 4895
3.0 4896
4.0 4897
3.0 4898
1.0 4899
3.0 4900
4.0 4901
5.0 4902
6.0 4903
4.0 4904
4.0 4905
4.0 4906
4.0 4907
6.0 4908
5.0 4909
5.0 4910
6.0 4911
5.0 4912
5.0 4913
6.0 4914
3.0 4915
4.0 4916
4.0 4917
4.0 4918
3.0 4919
4.0 4920
3.0 4921
5.0 4922
3.0 4923
6.0 4924
5.0 4925
6.0 4926
6.0 4927
2.0 4928
5.0 4929
4.0 4930
7.0 4931
6.0 4932
5.0 4933
4.0 4934
4.0 4935
6.0 4936
6.0 4937
5.0 4938
4.0 4939
3.0 4940
6.0 4941
5.0 4942
6.0 4943
6.0 4944
5.0 4945
5.0 4946
5.0 4947
6.0 4948
5.0 4949
5.0 4950
5.0 4951
5.0 4952
4.0 4953
4.0 4954
4.0 4955
3.0 4956
5.0 4957
2.0 4958
2.0 4959
2.0 4960
3.0 4961
5.0 4962
2.0 4963
4.0 4964
2.0 4965
3.0 4966
2.0 4967
5.0 4968
4.0 4969
3.0 4970
6.0 4971
5.0 4972
5.0 4973
5.0 4974
7.0 4975
2.0 4976
6.0 4977
6.0 4978
5.0 4979
4.0 4980
4.0 4981
5.0 4982
7.0 4983
5.0 4984
6.0 4985
5.0 4986
6.0 4987
6.0 4988
6.0 4989
7.0 4990
7.0 4991
7.0 4992
7.0 4993
6.0 4994
6.0 4995
4.0 4996
5.0 4997
4.0 4998
5.0 4999
6.0 5000
4.0 5001
3.0 5002
2.0 5003
4.0 5004
5.0 5005
4.0 5006
5.0 5007
4.0 5008
4.0 5009
5.0 5010
3.0 5011
5.0 5012
3.0 5013
6.0 5014
3.0 5015
6.0 5016
7.0 5017
4.0 5018
3.0 5019
7.0 5020
6.0 5021
7.0 5022
6.0 5023
4.0 5024
10.0 5025
6.0 5026
5.0 5027
4.0 5028
7.0 5029
5.0 5030
6.0 5031
4.0 5032
3.0 5033
6.0 5034
3.0 5035
4.0 5036
5.0 5037
5.0 5038
6.0 5039
2.0 5040
5.0 5041
5.0 5042
6.0 5043
7.0 5044
4.0 5045
3.0 5046
3.0 5047
6.0 5048
5.0 5049
4.0 5050
6.0 5051
4.0 5052
4.0 5053
4.0 5054
6.0 5055
6.0 5056
6.0 5057
4.0 5058
5.0 5059
5.0 5060
3.0 5061
5.0 5062
5.0 5063
7.0 5064
4.0 5065
1.0 5066
5.0 5067
4.0 5068
2.0 5069
4.0 5070
4.0 5071
1.0 5072
6.0 5073
3.0 5074
3.0 5075
3.0 5076
4.0 5077
4.0 5078
4.0 5079
6.0 5080
5.0 5081
6.0 5082
4.0 5083
4.0 5084
2.0 5085
7.0 5086
5.0 5087
4.0 5088
6.0 5089
6.0 5090
6.0 5091
7.0 5092
4.0 5093
6.0 5094
3.0 5095
6.0 5096
4.0 5097
6.0 5098
4.0 5099
3.0 5100
5.0 5101
5.0 5102
3.0 5103
4.0 5104
6.0 5105
9.0 5106
3.0 5107
4.0 5108
8.0 5109
5.0 5110
5.0 5111
5.0 5112
5.0 5113
4.0 5114
3.0 5115
6.0 5116
3.0 5117
4.0 5118
2.0 5119
3.0 5120
6.0 5121
3.0 5122
5.0 5123
6.0 5124
7.0 5125
4.0 5126
5.0 5127
7.0 5128
5.0 5129
3.0 5130
4.0 5131
5.0 5132
6.0 5133
4.0 5134
7.0 5135
5.0 5136
4.0 5137
2.0 5138
5.0 5139
4.0 5140
4.0 5141
8.0 5142
4.0 5143
4.0 5144
7.0 5145
4.0 5146
3.0 5147
5.0 5148
4.0 5149
4.0 5150
4.0 5151
4.0 5152
5.0 5153
4.0 5154
2.0 5155
4.0 5156
3.0 5157
3.0 5158
3.0 5159
3.0 5160
2.0 5161
5.0 5162
5.0 5163
5.0 5164
6.0 5165
7.0 5166
6.0 5167
6.0 5168
6.0 5169
3.0 5170
4.0 5171
5.0 5172
6.0 5173
6.0 5174
6.0 5175
6.0 5176
6.0 5177
6.0 5178
6.0 5179
5.0 5180
4.0 5181
5.0 5182
5.0 5183
5.0 5184
4.0 5185
6.0 5186
4.0 5187
7.0 5188
5.0 5189
9.0 5190
3.0 5191
2.0 5192
3.0 5193
6.0 5194
4.0 5195
6.0 5196
4.0 5197
5.0 5198
5.0 5199
4.0 5200
4.0 5201
5.0 5202
2.0 5203
3.0 5204
4.0 5205
4.0 5206
4.0 5207
5.0 5208
8.0 5209
5.0 5210
5.0 5211
6.0 5212
4.0 5213
4.0 5214
3.0 5215
4.0 5216
5.0 5217
5.0 5218
5.0 5219
5.0 5220
4.0 5221
3.0 5222
2.0 5223
4.0 5224
4.0 5225
6.0 5226
3.0 5227
3.0 5228
5.0 5229
3.0 5230
5.0 5231
4.0 5232
6.0 5233
7.0 5234
4.0 5235
6.0 5236
5.0 5237
6.0 5238
5.0 5239
6.0 5240
5.0 5241
2.0 5242
6.0 5243
2.0 5244
7.0 5245
5.0 5246
3.0 5247
4.0 5248
5.0 5249
6.0 5250
7.0 5251
6.0 5252
5.0 5253
6.0 5254
4.0 5255
4.0 5256
2.0 5257
1.0 5258
3.0 5259
8.0 5260
5.0 5261
4.0 5262
5.0 5263
7.0 5264
4.0 5265
5.0 5266
4.0 5267
3.0 5268
2.0 5269
4.0 5270
4.0 5271
3.0 5272
4.0 5273
3.0 5274
3.0 5275
5.0 5276
4.0 5277
4.0 5278
5.0 5279
4.0 5280
5.0 5281
4.0 5282
4.0 5283
4.0 5284
5.0 5285
6.0 5286
3.0 5287
5.0 5288
5.0 5289
4.0 5290
3.0 5291
4.0 5292
4.0 5293
2.0 5294
4.0 5295
4.0 5296
3.0 5297
3.0 5298
3.0 5299
4.0 5300
7.0 5301
5.0 5302
5.0 5303
7.0 5304
8.0 5305
4.0 5306
5.0 5307
4.0 5308
3.0 5309
5.0 5310
10.0 5311
2.0 5312
5.0 5313
7.0 5314
5.0 5315
5.0 5316
6.0 5317
7.0 5318
5.0 5319
6.0 5320
5.0 5321
6.0 5322
6.0 5323
7.0 5324
6.0 5325
3.0 5326
2.0 5327
3.0 5328
4.0 5329
4.0 5330
3.0 5331
3.0 5332
4.0 5333
5.0 5334
6.0 5335
3.0 5336
6.0 5337
4.0 5338
4.0 5339
6.0 5340
5.0 5341
4.0 5342
4.0 5343
2.0 5344
4.0 5345
3.0 5346
4.0 5347
3.0 5348
5.0 5349
5.0 5350
5.0 5351
2.0 5352
7.0 5353
6.0 5354
5.0 5355
5.0 5356
3.0 5357
4.0 5358
5.0 5359
5.0 5360
5.0 5361
4.0 5362
4.0 5363
4.0 5364
5.0 5365
6.0 5366
3.0 5367
2.0 5368
5.0 5369
7.0 5370
6.0 5371
3.0 5372
3.0 5373
2.0 5374
5.0 5375
3.0 5376
3.0 5377
3.0 5378
5.0 5379
5.0 5380
4.0 5381
3.0 5382
5.0 5383
6.0 5384
1.0 5385
5.0 5386
3.0 5387
2.0 5388
3.0 5389
2.0 5390
3.0 5391
4.0 5392
4.0 5393
3.0 5394
7.0 5395
4.0 5396
2.0 5397
4.0 5398
4.0 5399
3.0 5400
6.0 5401
6.0 5402
4.0 5403
3.0 5404
4.0 5405
2.0 5406
4.0 5407
4.0 5408
5.0 5409
2.0 5410
5.0 5411
4.0 5412
4.0 5413
6.0 5414
3.0 5415
2.0 5416
2.0 5417
2.0 5418
5.0 5419
5.0 5420
3.0 5421
2.0 5422
3.0 5423
4.0 5424
2.0 5425
3.0 5426
6.0 5427
6.0 5428
5.0 5429
6.0 5430
6.0 5431
6.0 5432
5.0 5433
4.0 5434
4.0 5435
6.0 5436
4.0 5437
5.0 5438
7.0 5439
4.0 5440
4.0 5441
5.0 5442
6.0 5443
4.0 5444
6.0 5445
6.0 5446
5.0 5447
6.0 5448
4.0 5449
4.0 5450
6.0 5451
5.0 5452
4.0 5453
5.0 5454
6.0 5455
4.0 5456
4.0 5457
3.0 5458
5.0 5459
5.0 5460
3.0 5461
7.0 5462
4.0 5463
4.0 5464
5.0 5465
4.0 5466
3.0 5467
2.0 5468
5.0 5469
6.0 5470
5.0 5471
3.0 5472
2.0 5473
3.0 5474
8.0 5475
5.0 5476
6.0 5477
5.0 5478
6.0 5479
6.0 5480
3.0 5481
7.0 5482
8.0 5483
7.0 5484
4.0 5485
7.0 5486
6.0 5487
7.0 5488
4.0 5489
5.0 5490
5.0 5491
3.0 5492
7.0 5493
5.0 5494
4.0 5495
5.0 5496
5.0 5497
2.0 5498
2.0 5499
3.0 5500
6.0 5501
5.0 5502
5.0 5503
4.0 5504
5.0 5505
5.0 5506
4.0 5507
6.0 5508
4.0 5509
5.0 5510
4.0 5511
5.0 5512
5.0 5513
5.0 5514
4.0 5515
3.0 5516
3.0 5517
3.0 5518
2.0 5519
4.0 5520
3.0 5521
3.0 5522
3.0 5523
2.0 5524
6.0 5525
4.0 5526
3.0 5527
6.0 5528
4.0 5529
7.0 5530
6.0 5531
5.0 5532
3.0 5533
5.0 5534
7.0 5535
5.0 5536
3.0 5537
5.0 5538
3.0 5539
2.0 5540
2.0 5541
4.0 5542
6.0 5543
4.0 5544
3.0 5545
8.0 5546
5.0 5547
5.0 5548
5.0 5549
4.0 5550
4.0 5551
2.0 5552
2.0 5553
3.0 5554
3.0 5555
5.0 5556
4.0 5557
4.0 5558
5.0 5559
3.0 5560
4.0 5561
3.0 5562
7.0 5563
6.0 5564
4.0 5565
7.0 5566
6.0 5567
4.0 5568
7.0 5569
6.0 5570
3.0 5571
5.0 5572
4.0 5573
5.0 5574
4.0 5575
2.0 5576
4.0 5577
6.0 5578
3.0 5579
3.0 5580
2.0 5581
3.0 5582
2.0 5583
3.0 5584
4.0 5585
4.0 5586
6.0 5587
5.0 5588
5.0 5589
5.0 5590
3.0 5591
3.0 5592
5.0 5593
5.0 5594
6.0 5595
4.0 5596
4.0 5597
4.0 5598
4.0 5599
4.0 5600
2.0 5601
2.0 5602
2.0 5603
4.0 5604
4.0 5605
4.0 5606
7.0 5607
6.0 5608
4.0 5609
7.0 5610
6.0 5611
3.0 5612
3.0 5613
3.0 5614
2.0 5615
6.0 5616
2.0 5617
5.0 5618
6.0 5619
6.0 5620
5.0 5621
6.0 5622
6.0 5623
4.0 5624
6.0 5625
3.0 5626
4.0 5627
3.0 5628
3.0 5629
7.0 5630
7.0 5631
4.0 5632
6.0 5633
4.0 5634
4.0 5635
2.0 5636
2.0 5637
2.0 5638
3.0 5639
2.0 5640
4.0 5641
5.0 5642
4.0 5643
3.0 5644
3.0 5645
7.0 5646
5.0 5647
5.0 5648
5.0 5649
3.0 5650
4.0 5651
4.0 5652
4.0 5653
6.0 5654
5.0 5655
4.0 5656
5.0 5657
5.0 5658
6.0 5659
4.0 5660
4.0 5661
5.0 5662
2.0 5663
3.0 5664
2.0 5665
4.0 5666
4.0 5667
5.0 5668
4.0 5669
5.0 5670
3.0 5671
4.0 5672
4.0 5673
3.0 5674
2.0 5675
6.0 5676
4.0 5677
5.0 5678
2.0 5679
5.0 5680
2.0 5681
3.0 5682
2.0 5683
6.0 5684
5.0 5685
4.0 5686
4.0 5687
4.0 5688
4.0 5689
3.0 5690
4.0 5691
2.0 5692
4.0 5693
3.0 5694
3.0 5695
2.0 5696
3.0 5697
4.0 5698
3.0 5699
3.0 5700
2.0 5701
3.0 5702
4.0 5703
2.0 5704
2.0 5705
1.0 5706
6.0 5707
4.0 5708
4.0 5709
3.0 5710
3.0 5711
3.0 5712
2.0 5713
3.0 5714
2.0 5715
2.0 5716
3.0 5717
3.0 5718
3.0 5719
3.0 5720
1.0 5721
2.0 5722
3.0 5723
5.0 5724
4.0 5725
2.0 5726
3.0 5727
1.0 5728
2.0 5729
3.0 5730
3.0 5731
4.0 5732
4.0 5733
3.0 5734
3.0 5735
2.0 5736
4.0 5737
4.0 5738
2.0 5739
2.0 5740
3.0 5741
2.0 5742
6.0 5743
6.0 5744
4.0 5745
4.0 5746
2.0 5747
