0.61904 0
0.61904 1
0.61904 2
0.61904 3
0.61904 4
0.61904 5
0.61904 6
0.61904 7
0.61904 8
0.61904 9
0.61904 10
0.61904 11
0.61904 12
0.61904 13
0.61904 14
0.61904 15
0.61904 16
0.61904 17
0.61904 18
0.61904 19
0.61904 20
0.61904 21
0.61904 22
0.61904 23
0.61904 24
0.61904 25
0.61904 26
0.61904 27
0.61904 28
0.61904 29
0.61904 30
0.61904 31
0.61904 32
0.61904 33
0.61904 34
0.61904 35
0.61904 36
0.61904 37
0.61904 38
0.61904 39
0.61904 40
0.61904 41
0.61904 42
0.61904 43
0.61904 44
0.61904 45
0.61904 46
0.61904 47
0.61904 48
6.84172 49
0.61904 50
0.61904 51
0.61904 52
0.61904 53
0.61904 54
0.61904 55
0.61904 56
0.61904 57
0.61904 58
0.61904 59
0.61904 60
0.61904 61
0.61904 62
0.61904 63
0.61904 64
0.61904 65
0.61904 66
0.61904 67
0.61904 68
0.61904 69
0.61904 70
0.61904 71
0.61904 72
0.61904 73
0.61904 74
0.61904 75
0.61904 76
0.61904 77
0.61904 78
0.61904 79
0.61904 80
0.61904 81
0.61904 82
0.61904 83
0.61904 84
0.61904 85
0.61904 86
6.15273 87
0.61904 88
0.61904 89
0.61904 90
0.61904 91
0.61904 92
0.61904 93
2.85795 94
0.61904 95
2.82142 96
0.61904 97
0.61904 98
2.82142 99
0.61904 100
0.61904 101
0.61904 102
0.61904 103
0.61904 104
2.82142 105
0.61904 106
0.61904 107
0.61904 108
0.61904 109
2.82142 110
0.61904 111
2.82142 112
2.82142 113
0.61904 114
0.61904 115
0.61904 116
0.61904 117
0.61904 118
0.61904 119
0.61904 120
2.82142 121
2.82142 122
2.82142 123
2.82142 124
0.61904 125
2.82142 126
2.82142 127
2.82142 128
0.61904 129
0.61904 130
0.61904 131
2.82142 132
0.61904 133
0.61904 134
2.73781 135
0.61904 136
0.61904 137
0.61904 138
0.61904 139
0.61904 140
0.61904 141
2.57175 142
0.61904 143
3.32521 144
0.61904 145
2.57175 146
0.61904 147
0.61904 148
4.50791 149
0.61904 150
3.12922 151
2.57175 152
0.61904 153
0.61904 154
2.57175 155
0.61904 156
3.12922 157
3.12922 158
0.61904 159
3.12922 160
0.61904 161
0.61904 162
0.61904 163
0.61904 164
0.61904 165
2.82609 166
0.61904 167
0.61904 168
0.61904 169
2.82609 170
0.61904 171
2.82609 172
0.61904 173
0.61904 174
2.82609 175
0.61904 176
0.61904 177
2.82609 178
0.61904 179
2.82609 180
0.61904 181
0.61904 182
0.61904 183
2.82609 184
0.61904 185
0.61904 186
0.61904 187
2.65879 188
0.61904 189
0.61904 190
0.61904 191
0.61904 192
2.65879 193
0.61904 194
0.61904 195
0.61904 196
0.61904 197
0.61904 198
0.61904 199
0.61904 200
0.61904 201
4.10506 202
6.00313 203
0.61904 204
0.61904 205
0.61904 206
0.61904 207
0.61904 208
3.43544 209
0.61904 210
0.61904 211
0.61904 212
0.61904 213
0.61904 214
0.61904 215
0.61904 216
0.61904 217
0.61904 218
0.61904 219
0.61904 220
0.61904 221
3.43544 222
0.61904 223
0.61904 224
0.61904 225
0.61904 226
0.61904 227
0.61904 228
0.61904 229
0.61904 230
3.80716 231
0.61904 232
0.61904 233
0.61904 234
0.61904 235
0.61904 236
0.61904 237
0.61904 238
0.61904 239
0.61904 240
0.61904 241
0.61904 242
3.94924 243
0.61904 244
0.61904 245
0.61904 246
0.61904 247
0.61904 248
0.61904 249
0.61904 250
0.61904 251
0.61904 252
0.61904 253
0.61904 254
0.61904 255
0.61904 256
2.83464 257
0.61904 258
0.61904 259
0.61904 260
0.61904 261
0.61904 262
0.61904 263
0.61904 264
0.61904 265
0.61904 266
0.61904 267
0.61904 268
3.83403 269
0.61904 270
0.61904 271
0.61904 272
0.61904 273
0.61904 274
0.61904 275
0.61904 276
0.61904 277
3.37213 278
0.61904 279
0.61904 280
0.61904 281
0.61904 282
5.78105 283
0.61904 284
0.61904 285
0.61904 286
0.61904 287
0.61904 288
0.61904 289
0.61904 290
0.61904 291
0.61904 292
0.61904 293
0.61904 294
0.61904 295
0.61904 296
5.38493 297
0.61904 298
0.61904 299
3.88509 300
0.61904 301
0.61904 302
0.61904 303
0.61904 304
0.61904 305
0.61904 306
0.61904 307
0.61904 308
0.61904 309
0.61904 310
0.61904 311
0.61904 312
0.61904 313
0.61904 314
0.61904 315
0.61904 316
0.61904 317
0.61904 318
0.61904 319
0.61904 320
0.61904 321
0.61904 322
0.61904 323
0.61904 324
0.61904 325
0.61904 326
0.61904 327
0.61904 328
0.61904 329
0.61904 330
0.61904 331
0.61904 332
0.61904 333
0.61904 334
0.61904 335
0.61904 336
0.61904 337
0.61904 338
0.61904 339
0.61904 340
0.61904 341
4.94037 342
0.61904 343
0.61904 344
0.61904 345
0.61904 346
0.61904 347
0.61904 348
0.61904 349
0.61904 350
0.61904 351
0.61904 352
0.61904 353
0.61904 354
0.61904 355
0.61904 356
0.61904 357
0.61904 358
0.61904 359
0.61904 360
0.61904 361
0.61904 362
0.61904 363
0.61904 364
0.61904 365
0.61904 366
0.61904 367
0.61904 368
0.61904 369
0.61904 370
0.61904 371
0.61904 372
0.61904 373
0.61904 374
0.61904 375
0.61904 376
0.61904 377
0.61904 378
0.61904 379
0.61904 380
0.61904 381
0.61904 382
0.61904 383
0.61904 384
0.61904 385
0.61904 386
0.61904 387
0.61904 388
0.61904 389
0.61904 390
0.61904 391
0.61904 392
0.61904 393
0.61904 394
0.61904 395
0.61904 396
0.61904 397
0.61904 398
0.61904 399
0.61904 400
0.61904 401
0.61904 402
0.61904 403
0.61904 404
0.61904 405
0.61904 406
0.61904 407
0.61904 408
0.61904 409
0.61904 410
0.61904 411
0.61904 412
0.61904 413
0.61904 414
0.61904 415
3.80837 416
0.61904 417
0.61904 418
0.61904 419
0.61904 420
0.61904 421
0.61904 422
0.61904 423
0.61904 424
0.61904 425
0.61904 426
0.61904 427
0.61904 428
0.61904 429
0.61904 430
0.61904 431
0.61904 432
0.61904 433
0.61904 434
0.61904 435
5.17189 436
0.61904 437
0.61904 438
0.61904 439
0.61904 440
0.61904 441
0.61904 442
0.61904 443
0.61904 444
0.61904 445
0.61904 446
0.61904 447
