0.28235 0
0.28235 1
0.28235 2
0.28235 3
0.28235 4
0.28235 5
0.28235 6
0.28235 7
0.28235 8
0.28235 9
0.28235 10
0.28235 11
0.28235 12
0.28235 13
0.28235 14
0.28235 15
0.28235 16
0.28235 17
0.28235 18
0.28235 19
0.28235 20
0.28235 21
0.28235 22
0.28235 23
0.28235 24
0.28235 25
0.28235 26
0.28235 27
0.28235 28
0.28235 29
0.28235 30
0.28235 31
0.28235 32
0.28235 33
0.28235 34
0.28235 35
0.28235 36
0.28235 37
0.28235 38
0.28235 39
0.28235 40
0.28235 41
0.28235 42
0.28235 43
0.28235 44
0.28235 45
0.28235 46
0.28235 47
0.28235 48
7.04404 49
0.28235 50
0.28235 51
0.28235 52
0.28235 53
0.28235 54
0.28235 55
0.28235 56
0.28235 57
0.28235 58
0.28235 59
0.28235 60
0.28235 61
0.28235 62
0.28235 63
0.28235 64
0.28235 65
0.28235 66
0.28235 67
0.28235 68
0.28235 69
0.28235 70
0.28235 71
0.28235 72
0.28235 73
0.28235 74
0.28235 75
0.28235 76
0.28235 77
0.28235 78
0.28235 79
0.28235 80
0.28235 81
0.28235 82
0.28235 83
0.28235 84
0.28235 85
0.28235 86
6.28514 87
0.28235 88
0.28235 89
0.28235 90
0.28235 91
0.28235 92
0.28235 93
2.57946 94
0.28235 95
2.39623 96
0.28235 97
0.28235 98
2.39623 99
0.28235 100
0.28235 101
0.28235 102
0.28235 103
0.28235 104
2.39623 105
0.28235 106
0.28235 107
0.28235 108
0.28235 109
2.39623 110
0.28235 111
2.39623 112
2.39623 113
0.28235 114
0.28235 115
0.28235 116
0.28235 117
0.28235 118
0.28235 119
0.28235 120
2.39623 121
2.39623 122
2.39623 123
2.39623 124
0.28235 125
2.39623 126
2.39623 127
2.39623 128
0.28235 129
0.28235 130
0.28235 131
2.39623 132
0.28235 133
0.28235 134
2.43823 135
0.28235 136
0.28235 137
0.28235 138
0.28235 139
0.28235 140
0.28235 141
2.45619 142
0.28235 143
3.08165 144
0.28235 145
2.45619 146
0.28235 147
0.28235 148
4.26995 149
0.28235 150
2.87695 151
2.45619 152
0.28235 153
0.28235 154
2.45619 155
0.28235 156
2.87695 157
2.87695 158
0.28235 159
2.87695 160
0.28235 161
0.28235 162
0.28235 163
0.28235 164
0.28235 165
2.51854 166
0.28235 167
0.28235 168
0.28235 169
2.51854 170
0.28235 171
2.51854 172
0.28235 173
0.28235 174
2.51854 175
0.28235 176
0.28235 177
2.51854 178
0.28235 179
2.51854 180
0.28235 181
0.28235 182
0.28235 183
2.51854 184
0.28235 185
0.28235 186
0.28235 187
2.41088 188
0.28235 189
0.28235 190
0.28235 191
0.28235 192
2.41088 193
0.28235 194
0.28235 195
0.28235 196
0.28235 197
0.28235 198
0.28235 199
0.28235 200
0.28235 201
3.74644 202
5.58127 203
0.28235 204
0.28235 205
0.28235 206
0.28235 207
0.28235 208
3.11704 209
0.28235 210
0.28235 211
0.28235 212
0.28235 213
0.28235 214
0.28235 215
0.28235 216
0.28235 217
0.28235 218
0.28235 219
0.28235 220
0.28235 221
3.11704 222
0.28235 223
0.28235 224
0.28235 225
0.28235 226
0.28235 227
0.28235 228
0.28235 229
0.28235 230
3.26903 231
0.28235 232
0.28235 233
0.28235 234
0.28235 235
0.28235 236
0.28235 237
0.28235 238
0.28235 239
0.28235 240
0.28235 241
0.28235 242
3.70348 243
0.28235 244
0.28235 245
0.28235 246
0.28235 247
0.28235 248
0.28235 249
0.28235 250
0.28235 251
0.28235 252
0.28235 253
0.28235 254
0.28235 255
0.28235 256
2.50049 257
0.28235 258
0.28235 259
0.28235 260
0.28235 261
0.28235 262
0.28235 263
0.28235 264
0.28235 265
0.28235 266
0.28235 267
0.28235 268
3.7191 269
0.28235 270
0.28235 271
0.28235 272
0.28235 273
0.28235 274
0.28235 275
0.28235 276
0.28235 277
2.90585 278
0.28235 279
0.28235 280
0.28235 281
0.28235 282
4.93126 283
0.28235 284
0.28235 285
0.28235 286
0.28235 287
0.28235 288
0.28235 289
0.28235 290
0.28235 291
0.28235 292
0.28235 293
0.28235 294
0.28235 295
0.28235 296
4.64823 297
0.28235 298
0.28235 299
3.34836 300
0.28235 301
0.28235 302
0.28235 303
0.28235 304
0.28235 305
0.28235 306
0.28235 307
0.28235 308
0.28235 309
0.28235 310
0.28235 311
0.28235 312
0.28235 313
0.28235 314
0.28235 315
0.28235 316
0.28235 317
0.28235 318
0.28235 319
0.28235 320
0.28235 321
0.28235 322
0.28235 323
0.28235 324
0.28235 325
0.28235 326
0.28235 327
0.28235 328
0.28235 329
0.28235 330
0.28235 331
0.28235 332
0.28235 333
0.28235 334
0.28235 335
0.28235 336
0.28235 337
0.28235 338
0.28235 339
0.28235 340
0.28235 341
4.41851 342
0.28235 343
0.28235 344
0.28235 345
0.28235 346
0.28235 347
0.28235 348
0.28235 349
0.28235 350
0.28235 351
0.28235 352
0.28235 353
0.28235 354
0.28235 355
0.28235 356
0.28235 357
0.28235 358
0.28235 359
0.28235 360
0.28235 361
0.28235 362
0.28235 363
0.28235 364
0.28235 365
0.28235 366
0.28235 367
0.28235 368
0.28235 369
0.28235 370
0.28235 371
0.28235 372
0.28235 373
0.28235 374
0.28235 375
0.28235 376
0.28235 377
0.28235 378
0.28235 379
0.28235 380
0.28235 381
0.28235 382
0.28235 383
0.28235 384
0.28235 385
0.28235 386
0.28235 387
0.28235 388
0.28235 389
0.28235 390
0.28235 391
0.28235 392
0.28235 393
0.28235 394
0.28235 395
0.28235 396
0.28235 397
0.28235 398
0.28235 399
0.28235 400
0.28235 401
0.28235 402
0.28235 403
0.28235 404
0.28235 405
0.28235 406
0.28235 407
0.28235 408
0.28235 409
0.28235 410
0.28235 411
0.28235 412
0.28235 413
0.28235 414
0.28235 415
3.70295 416
0.28235 417
0.28235 418
0.28235 419
0.28235 420
0.28235 421
0.28235 422
0.28235 423
0.28235 424
0.28235 425
0.28235 426
0.28235 427
0.28235 428
0.28235 429
0.28235 430
0.28235 431
0.28235 432
0.28235 433
0.28235 434
0.28235 435
4.38149 436
0.28235 437
0.28235 438
0.28235 439
0.28235 440
0.28235 441
0.28235 442
0.28235 443
0.28235 444
0.28235 445
0.28235 446
0.28235 447
